mid
3388.125
3386.625
3386.875
3386.75
3388.75
3389.875
3391.75
3393.0
3390.25
3389.625
3393.0
3391.375
3389.625
3391.375
3394.0
3391.25
3391.125
3388.375
3391.375
3388.875
3391.75
3388.375
3387.375
3387.25
3386.25
3387.625
3385.625
3384.75
3384.75
3385.375
3390.375
3390.125
3392.125
3393.75
3392.25
3392.125
3391.125
3389.25
3389.375
3387.5
3389.625
3386.625
3389.375
3390.875
3387.0
3387.375
3390.5
3390.75
3387.625
3388.875
3390.875
3391.375
3388.25
3385.125
3390.5
3386.5
3384.625
3384.125
3384.375
3384.25
3381.625
3379.5
3383.5
3379.5
3383.625
3380.375
3382.75
3383.625
3383.875
3386.0
3387.0
3386.875
3386.375
3386.125
3386.375
3386.25
3387.25
3388.875
3388.625
3388.25
3388.375
3388.125
3383.5
3388.0
3383.125
3387.625
3388.375
3388.875
3384.625
3385.25
3388.625
3386.0
3388.75
3389.125
3386.625
3386.875
3386.25
3383.375
3382.625
3386.0
3389.125
3389.625
3394.125
3395.5
3391.0
3395.5
3391.875
3394.75
3394.375
3396.625
3398.875
3398.625
3397.625
3399.0
3405.25
3408.0
3408.125
3406.625
3397.25
3405.25
3409.5
3409.875
3405.625
3410.5
3406.5
3397.875
3393.125
3393.875
3397.75
3392.5
3392.125
3387.5
3387.625
3387.875
3389.125
3384.75
3383.125
3380.75
3378.0
3378.375
3381.25
3383.0
3384.625
3381.625
3381.875
3384.375
3382.0
3383.75
3381.125
3379.125
3379.375
3380.125
3383.875
3378.125
3377.0
3373.5
3375.625
3372.375
3370.125
3372.875
3375.125
3377.875
3371.375
3368.0
3375.5
3375.625
3377.875
3375.125
3380.875
3380.75
3380.875
3380.125
3375.25
3371.75
3372.125
3373.375
3370.5
3368.625
3365.375
3365.125
3364.75
3360.875
3364.75
3361.625
3361.75
3361.875
3360.25
3363.75
3359.125
3356.25
3352.625
3353.25
3355.375
3360.5
3356.75
3351.75
3348.375
3349.875
3350.25
3349.625
3345.0
3345.125
3338.75
3333.0
3325.875
3325.625
3325.75
3321.375
3316.5
3310.875
3310.125
3311.375
3320.625
3325.875
3330.375
3330.125
3325.625
3327.75
3330.75
3327.125
3322.25
3330.5
3323.25
3327.875
3323.25
3319.125
3322.125
3322.375
3327.125
3331.125
3331.375
3330.625
3330.75
3330.75
3333.875
3335.375
3338.875
3335.25
3333.75
3330.375
3330.0
3325.125
3322.0
3318.875
3316.375
3315.75
3316.75
3323.375
3328.5
3323.125
3322.75
3317.375
3322.875
3316.625
3312.0
3305.375
3302.625
3305.75
3308.375
3308.125
3307.625
3303.0
3303.125
3303.375
3302.625
3303.75
3302.625
3303.875
3308.75
3309.5
3313.75
3313.75
3316.25
3318.25
3317.875
3315.875
3317.875
3315.375
3315.375
3318.375
3318.125
3314.625
3314.125
3315.375
3319.0
3318.875
3321.125
3322.125
3324.25
3324.5
3324.875
3325.25
3323.625
3322.125
3317.75
3314.625
3311.75
3312.625
3312.125
3311.125
3309.25
3309.375
3306.75
3304.875
3303.25
3301.375
3301.25
3301.875
3306.125
3301.875
3299.375
3297.625
3297.875
3299.75
3302.5
3306.25
3307.5
3308.125
3307.625
3302.75
3305.625
3308.375
3307.625
3308.875
3308.625
3307.125
3299.875
3305.0
3304.625
3303.0
3303.125
3306.5
3308.875
3309.375
3311.5
3314.0
3313.375
3310.75
3310.125
3308.0
3309.25
3309.125
3310.875
3309.75
3309.375
3311.375
3309.375
3308.875
3309.75
3311.875
3312.875
3309.625
3310.75
3310.125
3309.625
3308.0
3309.625
3311.375
3313.625
3315.625
3316.25
3313.25
3311.625
3314.25
3314.375
3313.375
3313.125
3312.625
3314.625
3315.375
3316.375
3316.75
3318.0
3317.625
3316.125
3313.125
3315.375
3313.125
3315.125
3312.875
3315.375
3313.875
3313.625
3313.875
3311.125
3308.375
3309.375
3311.25
3308.625
3309.875
3281.125
3283.625
3284.5
3284.75
3285.125
3283.875
3281.125
3280.625
3281.375
3284.5
3281.125
3280.625
3281.375
3282.375
3283.25
3283.125
3286.125
3289.0
3288.125
3287.625
3285.75
3285.625
3286.375
3289.625
3286.75
3283.5
3282.375
3279.75
3279.375
3282.375
3282.125
3282.75
3281.75
3283.125
3281.625
3279.375
3277.0
3276.5
3276.375
3274.5
3275.875
3274.75
3273.75
3275.125
3277.375
3276.625
3276.25
3275.625
3273.875
3271.875
3272.375
3275.375
3278.5
3278.625
3278.125
3278.25
3274.25
3272.25
3270.875
3272.125
3272.125
3272.375
3274.625
3277.375
3278.375
3279.75
3281.375
3281.25
3280.125
3281.75
3280.375
3281.125
3282.875
3282.125
3278.125
3279.375
3280.375
3280.125
3279.125
3279.625
3278.625
3280.375
3282.0
3279.125
3278.25
3278.375
3278.25
3278.125
3276.5
3276.375
3277.875
3279.375
3278.375
3279.375
3278.375
3277.75
3277.625
3278.75
3279.375
3278.75
3278.375
3277.125
3276.0
3274.875
3274.875
3276.625
3278.125
3276.875
3277.5
3277.375
3277.625
3277.125
3275.625
3273.875
3274.625
3275.875
3276.875
3276.75
3278.375
3276.625
3276.125
3274.875
3274.625
3274.75
3275.375
3274.125
3275.375
3275.875
3277.75
3277.125
3274.625
3274.75
3273.625
3275.125
3275.875
3276.125
3277.375
3278.875
3280.5
3280.375
3281.375
3281.125
3279.75
3275.625
3274.0
3276.625
3274.125
3273.625
3275.25
3273.625
3272.25
3273.375
3271.75
3274.25
3271.875
3269.0
3271.625
3271.75
3273.625
3273.75
3274.75
3271.875
3273.5
3273.625
3273.375
3274.875
3274.125
3274.875
3276.375
3277.875
3277.625
3277.75
3277.125
3277.875
3279.25
3280.25
3279.375
3280.875
3280.75
3281.375
3281.25
3282.5
3281.375
3279.25
3279.875
3277.25
3278.875
3280.375
3283.0
3284.5
3284.375
3283.625
3281.125
3280.25
3278.625
3277.125
3277.375
3277.875
3277.625
3276.75
3277.75
3276.375
3277.125
3277.875
3276.625
3275.0
3275.375
3274.625
3274.125
3275.125
3277.5
3275.625
3276.125
3274.75
3275.875
3277.5
3275.625
3274.0
3275.625
3273.875
3273.625
3272.75
3271.875
3271.125
3270.625
3270.875
3270.75
3271.0
3271.875
3270.875
3271.375
3270.625
3270.25
3269.0
3269.875
3269.625
3270.75
3269.125
3267.125
3267.25
3266.125
3266.375
3265.125
3266.125
3267.625
3269.875
3269.25
3268.875
3267.625
3268.125
3267.75
3267.875
3268.875
3267.75
3267.75
3266.625
3267.375
3266.0
3264.75
3262.375
3259.875
3261.875
3259.875
3261.5
3259.25
3257.75
3255.375
3254.375
3253.125
3253.875
3254.375
3255.375
3260.375
3256.5
3258.625
3258.125
3255.625
3256.875
3255.625
3256.375
3256.25
3256.625
3258.25
3262.375
3258.25
3257.125
3257.875
3259.625
3255.375
3255.625
3254.625
3254.125
3253.625
3253.75
3252.375
3253.875
3256.625
3256.125
3255.125
3257.75
3257.875
3256.875
3257.375
3256.625
3256.125
3255.125
3256.875
3255.125
3251.875
3252.375
3251.875
3249.25
3246.875
3245.625
3246.875
3251.125
3252.875
3255.25
3255.5
3251.75
3249.25
3251.375
3251.625
3251.125
3249.875
3247.25
3248.375
3250.875
3250.75
3251.375
3253.375
3252.125
3250.625
3249.625
3247.125
3247.125
3247.25
3247.625
3248.625
3251.375
3252.5
3252.875
3255.75
3258.375
3259.0
3258.125
3258.625
3260.375
3257.75
3258.625
3258.25
3256.875
3257.125
3257.125
3256.625
3256.125
3253.125
3251.5
3251.625
3251.875
3252.375
3249.5
3247.0
3248.25
3249.625
3250.875
3249.625
3251.125
3252.75
3252.375
3250.75
3251.25
3252.875
3250.625
3246.25
3245.125
3245.375
3246.25
3245.25
3244.625
3243.875
3242.875
3243.875
3244.375
3242.625
3243.625
3242.625
3242.125
3240.75
3240.875
3231.625
3231.25
3231.375
3231.125
3231.25
3230.625
3230.875
3230.75
3230.625
3231.875
3236.75
3233.625
3234.875
3236.375
3234.0
3234.125
3233.125
3232.75
3232.375
3231.0
3231.125
3231.875
3229.625
3225.75
3224.5
3225.625
3231.5
3233.625
3236.125
3235.875
3235.125
3233.875
3231.375
3232.75
3231.125
3230.625
3229.0
3228.625
3227.625
3224.25
3221.875
3221.75
3221.875
3221.875
3222.375
3224.375
3228.125
3222.125
3224.375
3228.25
3227.625
3224.25
3222.125
3223.75
3228.875
3229.375
3231.375
3230.375
3230.875
3228.625
3223.5
3223.625
3223.875
3224.875
3228.875
3230.75
3228.125
3228.75
3230.125
3230.875
3234.25
3233.875
3234.375
3232.5
3232.0
3230.25
3228.75
3230.25
3228.5
3226.625
3224.875
3223.625
3225.375
3228.25
3225.5
3224.0
3224.125
3222.875
3220.5
3218.375
3219.375
3219.75
3220.125
3219.625
3219.875
3219.625
3220.375
3219.625
3218.125
3218.875
3219.25
3222.75
3227.25
3228.125
3227.625
3227.75
3226.625
3226.125
3223.875
3220.375
3217.75
3217.125
3220.125
3224.0
3224.125
3224.75
3223.875
3221.0
3222.125
3222.375
3219.25
3215.625
3213.125
3215.875
3216.125
3217.25
3216.125
3215.625
3217.625
3214.5
3217.625
3215.625
3218.125
3214.375
3212.375
3214.375
3213.25
3213.25
3211.75
3209.875
3209.625
3209.875
3207.875
3208.75
3208.625
3209.375
3209.125
3208.375
3205.375
3203.0
3200.125
3200.875
3199.125
3195.25
3199.375
3199.5
3200.375
3199.875
3200.625
3200.625
3199.25
3198.375
3197.625
3193.875
3194.625
3195.375
3194.75
3194.625
3194.75
3193.875
3195.0
3201.25
3200.875
3199.375
3193.625
3197.0
3202.375
3201.625
3197.0
3190.375
3188.625
3183.125
3183.25
3183.25
3183.625
3184.375
3183.125
3181.75
3180.875
3181.375
3180.625
3181.75
3183.25
3185.5
3194.125
3193.25
3193.125
3192.125
3186.5
3183.0
3183.875
3185.25
3189.375
3186.375
3187.0
3188.625
3190.5
3188.125
3185.625
3185.875
3182.25
3181.875
3181.875
3179.125
3179.25
3181.25
3181.75
3188.25
3192.125
3194.125
3189.0
3188.125
3189.625
3191.375
3191.25
3191.25
3194.875
3195.25
3194.625
3192.375
3188.625
3186.375
3181.75
3183.875
3186.875
3181.75
3177.875
3175.875
3173.0
3171.125
3171.375
3170.5
3167.5
3169.5
3170.125
3176.25
3175.625
3175.875
3170.125
3170.25
3164.75
3162.75
3165.375
3170.375
3174.125
3170.125
3166.375
3167.625
3172.25
3176.0
3180.875
3182.875
3182.25
3184.125
3182.25
3179.875
3179.75
3180.375
3179.625
3180.625
3180.625
3180.875
3181.375
3180.5
3176.25
3173.125
3171.25
3171.625
3171.875
3172.5
3177.0
3184.25
3186.25
3184.125
3181.625
3177.625
3181.25
3181.375
3185.75
3185.625
3185.75
3186.375
3187.375
3188.75
3192.125
3191.125
3191.375
3190.625
3190.125
3188.375
3183.375
3176.25
3171.5
3166.75
3167.125
3163.75
3163.625
3162.125
3162.25
3156.0
3152.5
3152.875
3156.125
3155.75
3147.625
3147.875
3147.75
3147.875
3147.75
3147.125
3143.625
3142.25
3143.375
3139.5
3135.25
3135.625
3138.125
3139.875
3135.875
3129.875
3122.875
3127.875
3115.125
3103.75
3101.125
3096.25
3090.0
3090.0
3090.0
3090.25
3096.375
3108.75
3100.875
3101.375
3105.75
3123.75
3118.125
3114.0
3107.875
3108.375
3102.5
3093.25
3093.25
3093.625
3092.5
3087.25
3081.375
3085.5
3080.75
3080.75
3080.75
3080.875
3081.375
3107.625
3093.0
3104.75
3113.875
3113.625
3113.125
3112.625
3112.625
3107.625
3106.75
3107.875
3108.25
3110.625
3110.125
3101.125
3101.25
3101.5
3103.5
3107.5
3107.875
3116.25
3108.875
3104.25
3103.625
3101.125
3099.375
3091.875
3106.625
3107.625
3110.375
3115.125
3120.875
3120.75
3125.5
3124.625
3127.625
3127.75
3127.125
3127.625
3128.875
3133.875
3129.5
3127.875
3129.625
3129.75
3129.75
3129.25
3129.875
3129.125
3118.0
3118.5
3118.5
3118.875
3119.125
3118.0
3116.875
3116.875
3110.0
3100.75
3099.875
3099.625
3099.875
3094.125
3089.375
3085.75
3082.75
3081.375
3082.375
3082.375
3083.375
3082.75
3083.0
3084.875
3090.0
3091.875
3090.25
3086.375
3082.375
3082.375
3083.5
3084.875
3093.375
3092.625
3085.25
3079.875
3077.0
3077.375
3073.625
3072.75
3072.375
3065.875
3062.875
3058.75
3054.0
3049.875
3047.125
3047.625
3050.5
3056.375
3057.875
3050.25
3048.0
3048.0
3047.875
3047.375
3047.875
3047.25
3047.875
3048.0
3048.75
3047.375
3047.5
3048.375
3051.125
3057.5
3063.375
3062.125
3061.75
3062.25
3062.25
3066.25
3068.25
3070.375
3070.875
3070.625
3069.125
3066.25
3061.375
3063.0
3066.125
3068.625
3071.0
3070.625
3066.625
3063.625
3063.75
3063.625
3063.75
3063.625
3063.125
3060.0
3058.125
3058.375
3057.125
3057.25
3055.625
3055.875
3055.75
3053.5
3053.625
3053.875
3053.75
3052.125
3051.375
3050.5
3048.25
3049.875
3049.875
3048.5
3050.5
3051.0
3050.875
3048.875
3045.25
3042.125
3040.0
3038.25
3035.375
3036.125
3036.875
3037.25
3037.375
3035.875
3035.875
3036.875
3035.75
3036.375
3034.375
3030.0
3026.125
3022.375
3020.25
3019.875
3019.75
3019.75
3019.75
3019.75
3019.75
3019.75
3019.75
3019.875
3020.0
3020.25
3020.625
3020.875
3019.625
3018.625
3018.875
3018.625
3018.75
3018.75
3019.375
3020.0
3018.75
3018.625
3019.125
3019.25
3017.875
3015.875
3015.625
3013.75
3014.625
3014.75
3013.625
3012.125
3012.75
3013.625
3016.25
3021.75
3016.875
3016.25
3017.625
3017.875
3020.875
3021.375
3018.375
3019.875
3018.75
3018.625
3017.625
3015.875
3016.375
3016.25
3016.5
3017.75
3032.875
3021.75
3018.625
3020.625
3021.875
3023.375
3023.875
3023.75
3022.125
3021.25
3021.875
3018.625
3018.875
3018.75
3019.625
3023.75
3020.25
3020.875
3020.75
3021.625
3020.625
3019.375
3017.25
3017.625
3015.625
3014.625
3014.875
3013.625
3013.125
3013.875
3011.75
3009.75
3009.875
3009.875
3010.375
3011.625
3011.875
3011.125
3011.125
3010.25
3008.375
3007.125
3008.375
3007.125
3007.375
3008.75
3014.625
3010.5
3009.875
3010.125
3013.25
3010.25
3010.25
3010.375
3010.875
3011.75
3012.125
3020.375
3019.625
3020.25
3020.375
3022.625
3019.875
3016.375
3014.375
3013.625
3013.875
3014.375
3014.375
3014.125
3014.875
3015.375
3014.75
3011.25
3010.0
3008.125
3010.0
3010.375
3011.625
3015.875
3013.625
3009.875
3007.0
3003.25
3003.25
3002.875
3000.625
2994.0
2994.125
2994.5
2994.75
2995.25
2996.25
3001.375
3006.25
3005.75
3005.375
3006.375
3011.125
3009.75
3009.125
3007.875
3006.125
3005.5
3004.375
3005.625
3004.125
3004.25
3005.125
3006.75
3012.625
3016.0
3019.25
3018.375
3015.875
3018.375
3022.625
3022.875
3023.25
3023.875
3026.25
3026.625
3026.625
3029.625
3028.625
3030.375
3031.375
3033.75
3034.125
3033.375
3033.125
3033.25
3032.625
3027.125
3030.25
3031.625
3035.625
3038.125
3038.375
3038.125
3038.125
3034.75
3031.375
3030.0
3030.625
3037.0
3038.0
3036.375
3035.625
3036.625
3038.125
3039.625
3034.375
3034.25
3033.625
3033.125
3032.625
3030.125
3030.375
3031.625
3032.125
3032.375
3033.5
3038.0
3039.75
3041.375
3041.125
3041.25
3040.625
3041.25
3046.375
3046.25
3046.875
3052.125
3052.25
3051.625
3051.625
3052.375
3052.25
3055.875
3057.375
3055.75
3097.5
3101.25
3101.125
3101.25
3101.0
3094.875
3099.125
3095.875
3097.125
3098.375
3098.625
3097.25
3091.75
3092.5
3091.375
3093.875
3093.625
3094.875
3094.75
3095.375
3098.75
3103.25
3102.625
3106.125
3109.875
3114.25
3118.625
3122.875
3120.375
3122.5
3122.375
3120.25
3116.125
3109.375
3106.25
3106.875
3107.375
3106.75
3104.375
3100.5
3101.625
3098.75
3096.375
3095.25
3096.625
3092.125
3089.75
3091.75
3092.125
3099.0
3098.625
3103.125
3102.75
3103.375
3102.625
3102.25
3100.875
3100.875
3101.375
3101.125
3101.625
3099.75
3102.375
3100.75
3102.125
3099.75
3099.875
3102.375
3102.75
3108.0
3108.875
3108.125
3107.625
3103.625
3107.5
3105.25
3105.875
3106.375
3106.625
3103.25
3099.375
3095.75
3095.0
3096.625
3096.75
3093.875
3092.125
3092.375
3092.125
3092.375
3092.25
3092.125
3094.125
3100.5
3098.75
3097.125
3093.625
3091.5
3093.75
3091.375
3091.375
3093.875
3093.625
3090.25
3090.125
3088.0
3086.875
3082.75
3080.125
3075.375
3071.75
3070.25
3069.875
3068.375
3069.375
3070.0
3071.875
3072.375
3071.125
3066.375
3063.0
3061.875
3060.375
3060.75
3060.875
3061.0
3061.125
3061.5
3063.75
3070.0
3074.375
3070.5
3070.125
3070.625
3071.875
3072.875
3074.375
3075.25
3079.875
3083.25
3081.125
3080.25
3079.875
3079.875
3079.625
3079.125
3076.125
3072.625
3072.875
3072.75
3073.0
3073.125
3073.625
3074.125
3074.375
3070.625
3070.875
3070.75
3071.625
3073.375
3079.25
3075.125
3075.375
3075.5
3075.125
3073.25
3072.125
3070.0
3070.25
3071.25
3072.875
3075.25
3074.875
3074.625
3071.25
3071.25
3067.625
3068.875
3067.625
3067.25
3067.875
3067.625
3067.125
3067.5
3067.875
3065.125
3065.375
3065.625
3064.75
3064.625
3064.25
3064.875
3065.25
3066.875
3064.625
3063.5
3059.75
3056.625
3057.875
3058.875
3059.25
3059.5
3062.625
3062.875
3063.125
3068.875
3074.625
3079.625
3079.875
3082.5
3087.125
3088.5
3094.0
3097.125
3097.25
3102.125
3105.5
3111.25
3113.875
3113.625
3112.75
3108.375
3106.125
3104.25
3104.875
3103.125
3102.0
3101.125
3101.625
3102.625
3108.375
3105.75
3106.125
3106.875
3107.375
3107.125
3108.625
3108.875
3109.0
3111.125
3112.75
3113.125
3112.125
3113.125
3110.875
3107.75
3107.875
3107.375
3100.625
3095.125
3090.375
3089.625
3084.125
3080.25
3076.25
3076.125
3076.375
3075.625
3082.25
3080.875
3082.25
3082.25
3077.5
3072.75
3072.875
3067.25
3063.875
3060.625
3061.75
3061.875
3061.75
3058.5
3056.875
3057.75
3061.75
3057.625
3061.125
3056.375
3054.5
3053.875
3055.25
3060.25
3063.125
3059.875
3053.125
3057.125
3053.5
3056.75
3058.375
3054.5
3050.875
3049.25
3044.375
3039.75
3035.625
3033.25
3033.75
3034.625
3031.75
3031.75
3029.25
3028.75
3023.5
3023.5
3023.625
3023.625
3024.0
3024.125
3024.375
3024.25
3018.125
3011.75
3008.625
3008.875
3009.25
3010.25
3011.25
3015.375
3014.125
3013.75
3007.875
3009.375
3011.25
3011.25
3006.75
3004.5
3004.875
3004.75
3000.625
3001.125
2996.75
2996.875
2996.75
2997.0
2997.125
2999.0
3010.25
3010.875
3014.875
3014.625
3014.125
3011.375
3011.875
3012.875
3018.125
3020.0
3022.75
3028.75
3029.125
3023.625
3022.5
3028.5
3028.5
3028.0
3024.625
3027.125
3016.5
3016.5
3015.875
3012.75
3003.125
3003.25
3003.5
3003.75
3004.25
3005.0
3015.5
3021.5
3021.75
3022.875
3024.375
3027.375
3029.625
3029.75
3030.125
3030.75
3030.625
3029.75
3029.375
3025.0
3027.75
3029.625
3031.375
3032.25
3035.0
3036.875
3029.125
3022.875
3021.625
3016.875
2946.75
2945.875
2940.75
2942.0
2942.25
2943.0
2944.125
2944.625
2947.375
2944.875
2942.875
2943.5
2944.0
2952.75
2955.125
2955.375
2956.375
2959.0
2960.375
2959.75
2965.875
2962.25
2962.25
2962.5
2963.25
2964.5
2969.875
2965.875
2969.375
2971.25
2971.5
2977.25
2973.375
2967.25
2969.125
2969.375
2969.5
2970.625
2976.625
2970.875
2970.75
2971.875
2969.625
2966.875
2966.75
2966.125
2965.125
2965.875
2966.0
2967.5
2973.125
2973.375
2974.75
2974.625
2973.125
2973.25
2968.875
2972.375
2969.75
2967.25
2965.25
2965.375
2965.25
2962.625
2963.5
2964.375
2966.75
2969.0
2973.0
2971.375
2968.375
2966.625
2966.875
2966.75
2967.375
2968.0
2967.375
2968.0
2968.0
2968.375
2964.0
2964.0
2964.5
2962.5
2961.875
2962.125
2962.75
2965.625
2966.25
2966.125
2970.0
2972.625
2975.375
2977.625
2979.625
2979.75
2981.5
2980.625
2980.75
2980.125
2981.875
2979.625
2980.25
2981.0
2984.0
2985.625
2983.875
2983.875
2980.875
2981.25
2981.375
2981.875
2983.375
2983.5
2985.375
2987.75
2985.625
2985.875
2985.375
2985.25
2981.625
2980.5
2977.875
2978.25
2978.375
2978.125
2978.375
2979.625
2980.125
2981.625
2984.0
2986.375
2988.875
2990.375
2990.125
2990.375
2990.75
2990.375
2989.375
2986.5
2981.125
2984.0
2984.625
2984.625
2984.875
2984.75
2985.125
2989.375
2989.125
2989.25
2987.125
2989.125
2989.375
2992.625
2994.5
2995.75
2994.5
2989.5
2990.375
2986.0
2982.5
2980.25
2980.75
2980.125
2980.625
2982.125
2982.5
2984.125
2984.125
2983.625
2980.875
2976.875
2976.125
2976.875
2975.125
2976.25
2976.625
2975.0
2973.75
2971.875
2972.625
2970.25
2968.0
2966.75
2963.625
2961.25
2957.75
2957.875
2958.0
2958.75
2960.25
2963.75
2963.375
2961.875
2956.25
2952.625
2949.875
2949.625
2949.75
2949.75
2949.75
2949.625
2948.125
2943.0
2940.375
2938.625
2936.25
2933.125
2933.25
2933.375
2931.625
2929.25
2929.25
2928.875
2928.125
2928.0
2928.0
2927.375
2927.625
2927.25
2923.375
2920.5
2919.25
2918.625
2918.75
2918.75
2918.875
2918.875
2919.125
2919.25
2919.25
2919.375
2919.5
2919.875
2920.25
2920.375
2925.75
2928.75
2928.75
2928.75
2928.375
2929.625
2931.75
2931.375
2930.875
2929.625
2928.125
2927.25
2925.75
2924.5
2923.125
2921.25
2921.625
2920.625
2918.875
2918.625
2918.75
2917.625
2917.75
2917.875
2914.0
2911.375
2912.25
2911.875
2911.625
2909.0
2908.125
2906.375
2906.25
2906.25
2905.25
2905.625
2905.75
2905.875
2906.0
2907.0
2909.75
2907.375
2907.875
2908.0
2906.125
2904.625
2900.25
2900.125
2899.625
2899.75
2897.125
2895.5
2896.125
2895.375
2894.0
2894.375
2893.375
2891.25
2890.625
2888.75
2889.0
2889.25
2890.625
2891.0
2892.875
2892.625
2893.0
2897.5
2892.875
2890.125
2891.375
2892.125
2892.375
2890.75
2888.5
2886.375
2884.5
2885.125
2885.375
2884.625
2883.0
2883.125
2883.25
2883.25
2883.375
2883.5
2884.375
2892.25
2892.125
2892.25
2892.125
2891.875
2891.875
2891.875
2891.625
2891.625
2891.625
2890.75
2891.375
2891.875
2891.125
2890.125
2890.5
2891.375
2891.625
2891.875
2891.125
2891.5
2892.125
2892.875
2891.625
2891.125
2892.125
2891.125
2891.25
2891.375
2891.875
2891.25
2891.875
2891.125
2890.25
2890.625
2889.875
2889.25
2890.125
2890.875
2890.625
2890.75
2890.875
2891.875
2890.625
2890.875
2891.125
2891.625
2894.375
2894.125
2895.375
2894.625
2894.75
2895.375
2896.875
2896.625
2896.875
2897.25
2897.375
2896.875
2897.125
2896.75
2897.125
2897.875
2897.625
2897.125
2896.625
2895.625
2847.75
2847.125
2846.25
2846.375
2846.125
2846.5
2846.875
2846.125
2846.375
2847.375
2846.125
2846.625
2846.125
2845.625
2844.75
2845.375
2844.375
2844.875
2844.625
2845.25
2845.875
2845.125
2843.5
2841.875
2842.375
2842.5
2842.75
2844.125
2843.75
2842.375
2842.875
2842.375
2843.125
2843.375
2843.125
2843.375
2842.75
2843.375
2844.75
2845.375
2844.125
2844.25
2844.625
2844.125
2843.625
2843.875
2842.75
2841.25
2840.125
2839.0
2839.375
2838.625
2838.125
2837.625
2837.0
2836.125
2837.375
2836.625
2836.875
2836.75
2836.875
2837.625
2838.375
2838.875
2839.25
2839.25
2838.625
2836.75
2835.25
2834.125
2833.125
2833.375
2833.5
2834.0
2834.625
2834.75
2836.25
2836.875
2836.625
2837.375
2836.625
2837.875
2835.625
2833.375
2831.875
2832.375
2832.625
2832.75
2833.0
2833.25
2837.875
2838.375
2839.125
2839.375
2839.125
2838.25
2837.875
2838.25
2838.375
2836.625
2834.125
2834.375
2834.25
2834.375
2834.125
2832.875
2832.625
2833.25
2833.375
2833.5
2835.875
2834.625
2834.875
2834.75
2834.875
2835.375
2835.25
2834.625
2834.75
2834.625
2834.75
2834.75
2835.0
2835.375
2835.875
2836.25
2836.875
2837.375
2837.875
2837.25
2837.375
2837.875
2837.125
2837.875
2838.25
2837.625
2837.125
2837.375
2837.125
2837.375
2836.625
2835.625
2835.125
2835.375
2834.5
2834.375
2833.375
2832.625
2833.375
2833.5
2834.125
2834.375
2833.625
2834.25
2834.75
2836.125
2837.25
2837.75
2838.875
2839.875
2841.25
2842.0
2842.5
2842.375
2842.375
2842.125
2842.875
2842.125
2842.25
2841.625
2841.875
2842.375
2842.25
2841.875
2840.625
2839.625
2837.75
2837.625
2836.5
2835.375
2834.25
2835.875
2835.625
2835.875
2836.125
2836.375
2836.875
2837.125
2836.625
2836.625
2836.875
2835.375
2834.0
2834.375
2833.625
2834.0
2834.75
2835.0
2836.625
2837.375
2836.625
2837.125
2837.5
2837.125
2837.375
2836.875
2836.625
2835.0
2836.125
2836.375
2835.125
2834.0
2834.625
2833.375
2833.625
2833.75
2834.0
2835.75
2836.375
2837.625
2837.125
2836.25
2835.625
2834.75
2833.125
2831.625
2832.125
2832.375
2831.625
2830.625
2831.375
2830.625
2831.125
2830.125
2830.375
2830.5
2831.0
2829.75
2829.125
2828.125
2828.375
2828.125
2828.375
2828.25
2828.5
2828.625
2830.625
2831.125
2832.375
2833.25
2834.125
2833.25
2833.625
2833.875
2833.625
2833.125
2832.625
2832.75
2831.75
2831.875
2831.125
2831.125
2831.25
2831.375
2832.125
2834.0
2832.375
2832.75
2832.125
2830.875
2829.75
2830.625
2831.375
2832.25
2833.25
2831.875
2830.125
2830.25
2830.375
2830.5
2830.75
2831.125
2831.875
2832.875
2831.875
2832.625
2832.75
2831.625
2831.875
2831.75
2831.75
2831.875
2831.875
2832.0
2832.625
2833.625
2834.25
2834.875
2834.25
2834.625
2835.375
2835.125
2835.375
2835.125
2835.75
2835.625
2834.625
2834.125
2833.625
2833.875
2833.75
2833.25
2832.875
2831.5
2831.125
2831.25
2830.25
2830.875
2831.125
2831.25
2831.625
2832.125
2833.375
2834.0
2832.25
2831.25
2831.625
2832.375
2831.25
2831.375
2830.25
2829.875
2828.0
2827.375
2826.625
2827.25
2827.375
2827.875
2827.125
2826.25
2826.125
2826.375
2826.125
2826.625
2824.75
2825.125
2825.125
2825.375
2825.625
2825.875
2826.375
2826.125
2825.625
2825.875
2826.25
2826.125
2825.875
2825.625
2825.875
2825.875
2825.75
2825.875
2826.125
2825.625
2826.0
2825.875
2826.375
2826.125
2826.625
2826.625
2826.75
2826.875
2826.25
2826.625
2826.625
2826.25
2826.375
2826.5
2827.375
2826.375
2826.625
2826.875
2827.375
2826.625
2826.125
2826.375
2826.25
2826.625
2825.875
2825.25
2929.375
2929.625
2929.75
2930.125
2930.25
2930.5
2930.75
2931.625
2932.375
2932.75
2932.375
2932.625
2932.875
2933.25
2932.625
2932.5
2932.125
2932.125
2931.625
2931.875
2932.375
2932.25
2932.625
2932.75
2932.125
2931.625
2931.875
2931.125
2930.75
2930.875
2931.375
2931.25
2931.125
2930.875
2931.625
2932.25
2931.375
2931.375
2931.125
2930.625
2930.875
2930.625
2930.125
2931.375
2930.75
2931.125
2931.125
2930.625
2930.125
2930.375
2930.75
2930.875
2930.25
2930.625
2930.875
2930.375
2930.375
2930.125
2930.125
2930.125
2930.375
2929.625
2929.125
2928.625
2928.625
2928.125
2928.375
2928.125
2928.25
2927.375
2927.625
2927.625
2927.375
2927.625
2927.125
2927.125
2927.375
2927.75
2927.375
2927.125
2926.75
2926.375
2926.875
2926.875
2926.625
2927.25
2926.875
2927.375
2927.625
2927.875
2927.625
2927.25
2927.125
2926.625
2926.875
2926.625
2926.25
2926.375
2926.125
2925.75
2925.875
2925.625
2925.125
2925.375
2924.75
2924.25
2924.625
2924.875
2924.125
2924.375
2924.125
2924.375
2924.375
2924.375
2924.125
2924.375
2924.125
2923.75
2924.125
2923.625
2923.375
2923.375
2923.125
2922.625
2922.875
2923.375
2922.75
2923.125
2922.75
2922.875
2922.625
2922.125
2922.375
2922.75
2922.125
2922.125
2921.75
2921.625
2921.375
2921.875
2921.625
2921.75
2921.375
2921.125
2920.625
2920.875
2920.625
2920.75
2920.875
2921.375
2920.75
2920.875
2920.625
2920.875
2921.125
2921.125
2920.875
2920.625
2920.25
2920.375
2920.75
2920.125
2919.625
2919.625
2919.25
2919.375
2918.875
2918.625
2918.875
2919.125
2919.375
2919.375
2919.875
2919.625
2919.875
2920.375
2920.125
2920.375
2920.25
2919.875
2919.625
2919.125
2919.375
2918.75
2919.125
2918.75
2918.375
2918.875
2919.125
2918.75
2918.625
2918.125
2917.75
2917.625
2917.125
2917.375
2916.75
2916.625
2916.375
2916.125
2916.125
2916.375
2915.75
2916.125
2916.375
2915.875
2916.125
2915.75
2915.875
2915.75
2916.125
2916.625
2916.875
2916.25
2915.875
2916.125
2915.625
2915.875
2915.25
2914.875
2915.125
2915.625
2915.125
2914.625
2914.75
2914.875
2914.625
2914.875
2915.25
2914.625
2913.75
2914.125
2913.625
2913.875
2914.875
2915.375
2914.75
2914.625
2914.125
2914.125
2913.625
2913.25
2913.125
2913.375
2912.75
2912.375
2912.5
2912.125
2912.375
2912.125
2912.375
2912.375
2912.625
2912.375
2912.375
2912.125
2912.375
2912.125
2912.125
2912.125
2912.375
2912.125
2912.25
2912.375
2912.625
2912.375
2912.75
2912.125
2912.375
2912.375
2912.875
2912.75
2912.875
2912.625
2912.875
2912.875
2913.375
2912.75
2913.375
2914.375
2913.625
2913.125
2912.75
2913.375
2912.5
2912.125
2912.625
2912.875
2912.625
2912.125
2912.375
2911.625
2912.125
2912.375
2912.125
2911.625
2911.875
2911.75
2911.875
2912.25
2911.875
2911.875
2912.125
2911.625
2911.875
2912.875
2912.25
2912.375
2912.625
2912.875
2912.25
2912.625
2912.625
2912.625
2912.125
2912.125
2912.375
2912.875
2913.75
2913.125
2913.375
2913.25
2913.375
2913.875
2913.625
2913.625
2913.875
2913.25
2913.625
2913.125
2913.25
2913.125
2913.625
2913.625
2913.875
2913.375
2912.75
2912.125
2911.875
2911.25
2910.625
2911.375
2911.875
2911.125
2910.25
2910.625
2910.0
2908.75
2908.875
2908.625
2908.875
2909.125
2908.625
2908.25
2908.375
2908.875
2909.625
2909.875
2909.125
2909.125
2908.625
2909.25
2908.875
2908.25
2908.625
2907.5
2906.625
2906.625
2905.875
2904.875
2904.125
2903.625
2903.875
2904.375
2904.375
2904.375
2904.875
2906.0
2906.625
2907.25
2906.875
2907.125
2907.375
2907.75
2908.125
2907.25
2906.625
2906.375
2906.375
2906.875
2916.375
2917.125
2916.625
2916.875
2916.25
2916.625
2917.125
2917.125
2916.875
2916.625
2916.125
2916.375
2915.625
2915.875
2915.625
2915.125
2914.75
2914.875
2914.375
2913.875
2913.0
2912.75
2912.375
2911.625
2912.75
2913.125
2912.625
2913.125
2914.125
2915.125
2916.0
2915.25
2914.625
2914.875
2914.875
2915.125
2914.625
2915.125
2914.625
2914.625
2914.875
2914.375
2914.875
2914.875
2915.875
2916.875
2916.75
2916.625
2916.125
2916.375
2916.875
2916.375
2916.625
2916.625
2916.75
2916.125
2915.75
2916.875
2918.25
2918.375
2917.625
2917.125
2916.75
2916.875
2917.125
2916.625
2917.75
2916.625
2916.125
2916.875
2917.375
2918.375
2919.375
2921.125
2920.125
2919.25
2919.375
2919.625
2919.125
2917.375
2915.625
2915.125
2914.25
2915.125
2915.875
2916.875
2917.75
2916.125
2917.125
2917.875
2917.625
2918.625
2917.875
2918.125
2918.75
2920.125
2918.75
2919.375
2919.25
2918.125
2917.125
2916.375
2917.875
2916.125
2914.5
2914.875
2916.125
2914.75
2915.375
2916.375
2917.875
2919.125
2919.25
2919.125
2918.125
2919.125
2919.875
2919.375
2920.625
2921.25
2921.25
2921.25
2921.25
2921.25
2921.25
2921.25
2921.25
2921.25
2921.375
2921.25
2921.375
2921.25
2921.375
2921.5
2922.625
2922.75
2922.625
2921.75
2922.125
2922.125
2921.125
2920.625
2921.375
2921.25
2921.625
2922.125
2922.375
2922.875
2921.25
2921.625
2921.125
2920.625
2919.625
2919.25
2919.875
2919.125
2920.125
2921.375
2921.375
2921.875
2922.375
2921.125
2921.125
2919.75
2918.75
2918.875
2919.375
2918.625
2918.125
2918.375
2917.25
2917.625
2916.625
2918.375
2918.125
2917.875
2917.875
2917.875
2917.875
2917.625
2916.0
2916.125
2916.375
2916.25
2916.75
2917.5
2919.875
2920.875
2922.25
2922.125
2920.625
2920.875
2920.25
2920.875
2919.875
2919.125
2919.25
2917.5
2917.875
2917.75
2917.875
2918.125
2918.375
2919.625
2919.625
2920.25
2922.375
2924.625
2924.875
2924.625
2924.125
2923.75
2924.375
2924.25
2926.25
2926.625
2925.875
2925.625
2925.75
2926.375
2926.375
2925.625
2925.375
2925.125
2925.375
2924.625
2921.0
2923.375
2921.625
2921.875
2920.625
2919.375
2920.875
2921.375
2920.375
2920.875
2919.625
2919.125
2918.5
2917.0
2919.75
2919.0
2916.0
2916.375
2916.875
2916.75
2917.375
2917.5
2917.625
2916.125
2916.875
2917.25
2921.75
2922.75
2921.375
2918.625
2918.125
2917.125
2917.375
2917.875
2921.25
2921.875
2926.25
2928.625
2927.125
2928.125
2928.875
2930.75
2929.375
2929.625
2930.375
2931.875
2932.375
2932.125
2930.125
2926.875
2926.0
2927.375
2925.875
2925.0
2925.375
2926.25
2930.5
2928.75
2929.125
2928.75
2928.625
2929.125
2928.625
2929.375
2929.125
2928.625
2928.875
2928.125
2927.75
2925.25
2923.875
2923.125
2922.75
2923.25
2924.875
2923.375
2923.25
2922.875
2922.625
2922.625
2922.125
2922.75
2922.375
2922.875
2923.125
2923.75
2924.375
2923.625
2923.375
2923.125
2922.625
2923.125
2922.25
2921.625
2921.875
2921.125
2920.125
2919.375
2920.375
2920.25
2919.375
2918.25
2918.875
2917.875
2918.375
2918.875
2919.25
2919.875
2918.875
2919.375
2919.125
2918.125
2917.25
2916.75
2916.625
2917.375
2917.125
2917.375
2917.125
2918.25
2917.875
2917.125
2917.375
2916.75
2916.625
2915.75
2916.375
2916.75
2916.875
2916.625
2915.625
2914.625
2915.125
2914.625
2913.625
2913.125
2913.375
2913.875
2914.375
2914.875
2914.125
2914.375
2915.25
2917.125
2915.25
2914.25
2914.375
2914.25
2914.625
2914.875
2914.625
2914.875
2915.875
2914.625
2914.25
2915.0
2915.625
2916.625
2916.875
2917.75
2917.125
2916.25
2914.875
2915.375
2919.5
2919.625
2918.875
2917.625
2917.75
2917.875
2916.875
2916.625
2916.875
2917.625
2918.75
2920.375
2921.875
2921.625
2921.125
2919.75
2919.125
2918.125
2916.625
2915.5
2915.625
2916.125
2915.125
2914.875
2913.75
2913.375
2913.875
2914.375
2914.375
2914.125
2914.375
2914.875
2914.625
2916.25
2915.875
2914.875
2915.125
2915.875
2917.125
2916.375
2916.125
2916.375
2916.875
2916.875
2917.375
2917.125
2916.75
2917.25
2917.625
2917.125
2917.375
2917.625
2917.125
2917.375
2917.375
2917.375
2918.25
2918.875
2919.25
2918.875
2919.125
2919.375
2919.375
2918.375
2918.875
2918.375
2917.625
2917.875
2917.625
2918.375
2918.125
2917.625
2917.875
2918.25
2916.625
2916.25
2915.875
2916.625
2916.625
2916.875
2917.125
2918.125
2917.625
2917.125
2916.625
2917.125
2916.25
2915.5
2915.125
2914.75
2913.625
2914.25
2913.625
2914.125
2914.125
2913.25
2912.625
2912.875
2912.25
2911.25
2912.125
2912.125
2912.375
2912.125
2911.625
2911.875
2911.75
2911.625
2911.875
2911.125
2911.625
2912.125
2912.375
2912.75
2912.125
2912.375
2912.125
2912.375
2912.125
2912.625
2912.875
2912.625
2912.875
2912.625
2912.125
2912.125
2912.25
2913.125
2912.625
2912.875
2913.875
2913.625
2913.875
2914.25
2914.375
2914.125
2914.125
2914.375
2914.125
2914.375
2914.375
2914.125
2913.875
2913.625
2913.875
2914.25
2913.125
2912.75
2912.875
2913.125
2912.75
2913.125
2912.75
2912.75
2912.75
2912.75
2912.75
2912.75
2912.75
2912.75
2912.75
2912.75
2912.75
2912.75
2912.875
2912.875
2912.75
2912.875
2913.375
2912.625
2912.625
2912.625
2912.625
2912.625
2912.125
2912.5
2912.875
2912.75
2912.375
2911.75
2911.125
2911.625
2911.875
2911.25
2911.625
2911.625
2912.25
2911.125
2911.375
2910.875
2911.375
2910.875
2911.125
2910.625
2910.875
2911.375
2911.875
2911.625
2911.875
2911.625
2911.25
2910.875
2910.125
2909.75
2909.0
2907.75
2908.375
2908.125
2908.375
2907.75
2907.375
2907.375
2906.625
2906.25
2906.375
2906.375
2905.625
2906.375
2906.625
2906.125
2905.625
2905.125
2904.75
2905.125
2904.375
2904.625
2904.875
2904.125
2904.375
2903.625
2903.125
2903.375
2903.875
2902.75
2903.0
2902.625
2902.375
2901.75
2901.25
2901.375
2900.875
2900.625
2901.125
2900.875
2901.125
2901.375
2901.25
2902.125
2903.125
2902.125
2902.125
2901.625
2901.875
2901.125
2901.375
2901.625
2901.125
2901.375
2901.875
2901.625
2901.875
2901.375
2901.125
2900.625
2900.125
2900.375
2899.75
2900.125
2899.625
2900.125
2900.375
2900.125
2900.375
2900.75
2900.25
2899.875
2899.875
2900.375
2899.875
2900.125
2900.75
2900.375
2900.625
2900.125
2900.375
2900.25
2899.875
2899.625
2899.125
2899.125
2899.375
2899.25
2899.625
2899.875
2899.125
2898.25
2898.625
2898.625
2898.125
2897.625
2897.125
2896.625
2896.875
2896.625
2896.875
2896.625
2896.625
2896.875
2897.375
2897.375
2896.75
2896.375
2896.125
2895.75
2895.375
2894.75
2893.75
2893.0
2892.375
2891.625
2891.25
2891.875
2892.125
2892.875
2893.125
2893.375
2893.875
2894.875
2896.125
2895.375
2894.75
2895.125
2893.75
2893.625
2893.125
2893.125
2892.75
2893.125
2893.375
2893.125
2893.25
2893.875
2893.75
2894.375
2894.125
2893.625
2893.125
2893.375
2894.25
2895.25
2895.875
2895.75
2895.625
2895.75
2895.125
2895.25
2894.375
2893.25
2893.625
2893.875
2893.625
2892.875
2892.0
2891.25
2891.625
2891.125
2890.625
2891.875
2892.375
2892.75
2892.625
2893.375
2893.875
2894.375
2894.125
2894.375
2895.5
2895.125
2895.25
2895.125
2894.625
2894.25
2893.625
2893.875
2893.625
2893.125
2892.75
2892.125
2892.875
2891.75
2865.875
2866.125
2865.25
2864.375
2864.75
2864.625
2864.875
2864.625
2863.75
2864.25
2864.875
2864.625
2864.875
2864.75
2864.875
2864.125
2863.25
2863.375
2863.25
2863.625
2863.125
2863.25
2862.625
2862.875
2863.375
2862.75
2862.375
2862.875
2862.875
2862.375
2861.75
2861.625
2861.25
2861.125
2860.875
2861.375
2860.875
2861.375
2861.125
2861.625
2861.875
2861.625
2861.875
2861.875
2861.125
2861.125
2861.625
2861.875
2861.875
2861.625
2861.125
2861.125
2861.375
2861.75
2861.125
2861.125
2861.375
2861.25
2861.625
2861.875
2862.125
2861.625
2860.875
2861.125
2861.125
2860.625
2860.875
2860.75
2860.875
2861.375
2860.375
2860.625
2860.875
2860.75
2861.875
2860.75
2860.375
2860.875
2861.125
2860.625
2860.25
2859.625
2858.625
2859.125
2859.125
2859.125
2859.375
2858.625
2858.875
2858.75
2858.875
2858.75
2859.375
2859.125
2858.875
2859.375
2859.75
2858.75
2859.125
2859.125
2859.375
2859.875
2859.25
2859.5
2859.75
2860.625
2861.75
2861.625
2861.125
2861.125
2860.25
2860.625
2860.75
2861.625
2862.25
2861.625
2861.125
2861.125
2860.625
2860.875
2860.875
2860.875
2860.875
2861.375
2860.25
2859.625
2859.875
2859.125
2858.75
2859.125
2858.875
2858.125
2858.125
2858.125
2857.625
2857.875
2858.25
2858.25
2858.625
2858.125
2858.625
2858.125
2857.75
2857.875
2857.75
2858.125
2857.375
2856.75
2857.125
2856.375
2855.625
2855.125
2855.375
2855.375
2854.625
2854.25
2854.875
2855.375
2855.125
2855.125
2854.75
2854.625
2854.125
2854.375
2854.125
2854.375
2854.875
2854.625
2854.75
2854.5
2854.875
2854.625
2854.875
2854.75
2854.625
2855.25
2855.125
2855.375
2855.25
2855.125
2855.375
2855.875
2855.625
2855.125
2855.375
2855.125
2855.375
2855.125
2854.75
2855.0
2855.875
2856.0
2855.875
2855.625
2855.625
2855.875
2855.625
2855.625
2855.25
2855.625
2855.625
2855.875
2855.625
2855.875
2855.75
2856.125
2855.625
2855.875
2856.125
2855.625
2855.125
2855.375
2854.75
2854.375
2855.125
2854.625
2854.875
2854.375
2854.125
2854.625
2854.625
2854.125
2853.75
2853.375
2854.125
2853.125
2853.375
2852.75
2852.875
2852.625
2852.75
2852.375
2852.625
2852.375
2852.625
2852.375
2852.125
2852.375
2852.125
2852.375
2851.75
2852.125
2851.875
2851.75
2852.375
2851.75
2852.125
2852.125
2852.375
2851.75
2851.625
2851.875
2851.625
2851.375
2851.25
2851.375
2851.25
2851.375
2851.125
2851.625
2851.125
2850.625
2850.125
2850.375
2850.125
2850.75
2851.375
2850.75
2851.125
2850.625
2850.625
2850.125
2850.375
2850.125
2850.25
2850.5
2851.0
2852.25
2851.625
2851.75
2851.875
2851.625
2851.125
2850.875
2851.375
2850.875
2851.125
2851.375
2851.125
2850.625
2850.875
2850.375
2849.625
2850.125
2850.375
2850.875
2850.625
2850.875
2850.25
2849.75
2850.125
2850.375
2849.75
2849.875
2849.625
2849.625
2849.125
2849.375
2849.375
2849.75
2849.125
2848.75
2849.125
2848.875
2849.125
2849.625
2850.375
2850.75
2851.375
2850.375
2849.375
2849.625
2849.875
2850.375
2850.125
2849.25
2849.625
2849.875
2849.875
2850.125
2849.625
2849.875
2849.625
2849.25
2849.875
2849.75
2850.375
2850.25
2849.875
2850.125
2851.25
2850.875
2851.125
2851.125
2850.875
2851.375
2850.625
2849.375
2850.125
2849.625
2849.875
2848.625
2849.125
2848.25
2848.625
2848.25
2847.875
2847.625
2846.75
2847.125
2846.625
2846.875
2846.625
2846.125
2846.375
2846.125
2846.375
2846.125
2846.375
2846.375
2846.375
2845.75
2845.875
2844.75
2844.375
2843.75
2844.125
2843.625
2843.875
2843.75
2843.625
2843.875
2843.125
2842.75
2842.125
2842.625
2842.125
2841.75
2842.375
2841.75
2825.375
2824.375
2824.125
2823.75
2822.75
2823.25
2823.625
2823.125
2823.625
2824.375
2824.25
2825.625
2826.125
2825.875
2826.75
2827.5
2828.125
2827.875
2826.875
2826.125
2826.25
2826.375
2826.25
2826.125
2826.625
2827.25
2826.875
2827.125
2827.375
2826.75
2826.375
2826.25
2826.375
2826.25
2826.25
2826.25
2826.25
2826.25
2826.25
2826.625
2826.625
2826.875
2826.75
2826.75
2826.875
2826.875
2827.0
2827.125
2827.25
2827.25
2827.25
2826.875
2826.625
2825.75
2826.125
2825.625
2825.375
2825.625
2825.25
2824.875
2824.625
2824.625
2824.125
2824.25
2823.625
2823.875
2823.125
2822.75
2822.125
2822.375
2821.625
2821.875
2821.125
2821.375
2821.375
2821.25
2821.375
2821.125
2821.375
2821.625
2821.125
2821.375
2820.875
2821.125
2821.375
2821.375
2821.625
2821.375
2821.875
2822.25
2821.875
2821.25
2820.875
2820.875
2821.125
2821.125
2821.375
2821.125
2820.625
2820.625
2820.875
2820.75
2820.875
2820.625
2820.25
2820.125
2820.125
2819.625
2819.75
2820.25
2820.375
2820.125
2819.625
2819.75
2819.625
2819.875
2819.375
2819.125
2819.625
2819.125
2819.375
2819.125
2819.375
2818.75
2818.375
2818.375
2818.125
2818.375
2818.125
2818.375
2818.625
2818.125
2818.125
2818.125
2818.375
2817.75
2818.125
2818.125
2817.625
2817.875
2817.625
2817.125
2817.375
2817.875
2817.625
2817.75
2818.125
2817.625
2817.375
2817.5
2817.875
2818.125
2817.625
2817.875
2817.25
2817.625
2817.125
2816.625
2816.875
2816.625
2816.875
2816.125
2816.75
2816.125
2816.375
2816.25
2816.375
2815.75
2816.125
2816.125
2816.125
2816.375
2816.25
2816.625
2816.25
2816.125
2815.875
2816.375
2816.75
2816.0
2816.375
2816.875
2817.25
2817.125
2816.875
2817.25
2816.875
2816.625
2816.875
2817.125
2816.25
2816.625
2816.875
2817.125
2816.625
2816.25
2816.875
2816.375
2816.75
2816.375
2816.875
2816.625
2816.125
2816.75
2816.375
2817.125
2816.625
2816.625
2816.875
2816.75
2816.875
2816.625
2817.0
2816.625
2816.875
2816.375
2815.75
2816.125
2816.375
2816.25
2816.375
2816.625
2816.875
2816.625
2816.875
2817.25
2817.625
2817.875
2817.375
2817.875
2818.125
2817.625
2817.375
2817.125
2816.125
2815.5
2816.125
2815.875
2815.875
2816.25
2815.75
2816.375
2816.375
2816.875
2816.875
2817.375
2817.125
2816.625
2816.875
2816.125
2816.375
2817.25
2816.75
2816.875
2816.625
2816.125
2817.125
2817.125
2816.75
2817.125
2817.375
2817.25
2817.625
2817.25
2817.625
2817.125
2817.125
2817.25
2817.75
2817.875
2819.0
2819.625
2819.125
2818.875
2819.375
2819.75
2818.625
2817.625
2817.875
2818.125
2818.75
2819.125
2818.75
2819.875
2820.375
2820.875
2821.375
2822.375
2823.25
2823.125
2823.375
2823.125
2822.875
2823.375
2822.875
2822.875
2822.375
2822.125
2821.625
2821.125
2821.75
2821.125
2821.375
2820.75
2820.625
2820.125
2819.625
2819.875
2819.75
2820.75
2821.125
2820.875
2820.375
2820.375
2819.625
2819.25
2818.875
2819.875
2819.625
2819.875
2819.75
2819.875
2820.125
2819.875
2818.875
2818.625
2818.125
2818.375
2818.875
2819.25
2820.25
2820.125
2819.375
2818.625
2819.375
2818.125
2818.375
2817.625
2818.25
2819.375
2818.75
2818.875
2818.75
2818.625
2817.875
2817.625
2817.25
2816.625
2816.0
2816.375
2815.125
2814.125
2814.375
2815.375
2815.625
2816.25
2815.875
2815.625
2815.875
2815.625
2815.875
2814.625
2814.125
2814.875
2813.625
2813.125
2812.75
2813.375
2814.0
2814.875
2814.875
2814.375
2814.625
2814.125
2813.75
2814.375
2814.375
2814.125
2814.125
2812.875
2813.125
2812.625
2812.125
2812.875
2812.125
2810.625
2811.375
2811.125
2811.625
2811.125
2914.125
2913.5
2913.5
2913.625
2914.0
2914.5
2916.75
2917.125
2917.375
2917.875
2918.375
2918.375
2916.75
2915.625
2915.75
2916.125
2916.875
2917.375
2917.375
2916.75
2916.625
2916.75
2916.125
2916.375
2916.625
2916.625
2916.125
2915.25
2914.5
2914.625
2914.875
2914.125
2914.125
2914.375
2914.25
2914.5
2914.75
2916.875
2917.875
2917.125
2916.625
2916.125
2916.125
2916.375
2916.375
2916.125
2915.75
2914.0
2913.875
2913.125
2912.75
2912.875
2913.0
2913.375
2913.875
2913.125
2913.375
2912.25
2911.375
2910.375
2909.5
2909.5
2909.125
2908.5
2907.25
2906.375
2905.625
2904.0
2903.875
2904.375
2904.75
2904.625
2905.375
2906.375
2909.0
2906.125
2904.75
2904.875
2905.375
2904.0
2902.75
2902.125
2901.25
2900.625
2903.125
2903.25
2904.125
2904.25
2905.75
2903.875
2902.0
2900.125
2899.0
2899.0
2900.125
2902.375
2902.125
2901.25
2899.75
2901.375
2899.5
2900.875
2902.25
2903.625
2905.125
2903.625
2903.125
2904.625
2902.375
2901.0
2901.375
2899.625
2897.875
2898.375
2899.875
2901.0
2898.25
2896.0
2895.625
2896.375
2894.875
2893.625
2894.375
2892.25
2891.5
2889.75
2887.625
2887.5
2886.5
2886.5
2885.625
2885.0
2884.0
2885.125
2885.875
2886.0
2884.0
2884.5
2886.375
2885.0
2886.75
2884.875
2885.625
2886.375
2885.625
2889.625
2892.875
2892.125
2892.125
2892.125
2891.125
2889.625
2888.75
2886.0
2883.375
2881.875
2881.75
2882.625
2883.25
2884.625
2882.625
2883.125
2882.75
2883.0
2883.375
2880.875
2879.25
2879.875
2878.125
2880.25
2880.75
2881.375
2879.625
2878.625
2878.875
2879.375
2884.875
2883.625
2879.625
2881.875
2884.75
2889.0
2888.875
2889.625
2893.25
2897.75
2900.375
2900.125
2900.875
2899.125
2896.75
2898.375
2900.875
2903.375
2904.625
2903.125
2899.625
2902.875
2903.375
2906.625
2909.5
2910.875
2915.5
2914.0
2911.625
2910.625
2911.875
2912.875
2913.375
2913.25
2912.125
2909.0
2903.875
2899.75
2898.625
2896.0
2891.875
2887.0
2886.75
2886.625
2886.625
2886.875
2886.75
2887.125
2887.125
2886.375
2884.625
2883.625
2882.75
2882.625
2881.75
2881.875
2882.375
2882.75
2882.125
2879.75
2879.75
2879.5
2878.75
2878.625
2878.75
2879.25
2880.0
2885.375
2881.5
2883.125
2882.25
2883.875
2884.375
2888.125
2891.5
2893.75
2893.375
2893.875
2894.625
2895.625
2895.875
2897.375
2896.75
2895.625
2896.875
2899.0
2898.625
2898.625
2899.625
2900.875
2899.625
2899.875
2899.625
2900.375
2899.625
2899.625
2898.625
2897.625
2893.875
2891.625
2891.875
2890.125
2889.125
2889.25
2888.125
2887.625
2886.625
2885.625
2884.75
2885.0
2882.375
2882.75
2881.125
2882.125
2881.625
2881.875
2879.0
2879.125
2879.875
2880.625
2879.625
2879.875
2879.625
2877.625
2875.125
2875.375
2875.125
2875.25
2876.125
2878.375
2877.625
2880.375
2880.125
2881.875
2881.125
2881.875
2885.25
2886.125
2886.875
2888.75
2887.625
2887.875
2888.75
2889.875
2888.625
2888.375
2888.875
2888.625
2888.875
2889.875
2889.125
2889.5
2890.625
2892.75
2893.375
2893.125
2892.625
2890.75
2891.875
2891.875
2890.625
2887.625
2886.0
2885.625
2884.625
2884.875
2885.25
2885.625
2886.875
2887.75
2886.25
2884.5
2883.0
2883.125
2882.875
2882.125
2882.375
2882.875
2881.75
2879.375
2877.0
2875.75
2874.375
2875.375
2874.625
2873.375
2872.375
2869.875
2869.75
2869.75
2869.75
2869.75
2869.75
2869.75
2869.75
2869.75
2869.875
2869.875
2870.0
2870.375
2870.75
2871.0
2871.75
2872.0
2879.125
2878.125
2876.75
2877.375
2876.875
2874.75
2873.5
2874.375
2875.25
2872.25
2844.375
2842.625
2843.875
2844.875
2847.5
2849.875
2851.5
2852.375
2852.375
2853.375
2853.125
2853.375
2853.5
2853.625
2853.375
2853.375
2852.875
2851.125
2853.625
2850.5
2850.375
2850.375
2850.875
2850.125
2850.875
2851.375
2850.625
2848.25
2847.25
2848.5
2848.375
2847.125
2845.25
2845.25
2845.625
2846.0
2846.75
2846.875
2848.25
2846.625
2845.125
2845.375
2845.25
2845.375
2846.0
2846.25
2852.125
2852.375
2852.25
2852.125
2852.375
2851.75
2852.125
2851.25
2851.125
2851.25
2851.25
2851.25
2848.75
2849.125
2849.875
2850.125
2853.375
2852.25
2854.25
2852.375
2850.25
2849.125
2850.125
2850.375
2850.25
2850.875
2851.0
2851.375
2851.875
2850.875
2849.875
2848.625
2848.875
2850.125
2851.5
2851.5
2851.375
2849.625
2849.875
2847.875
2848.125
2848.625
2846.375
2846.5
2847.375
2848.875
2852.625
2856.125
2855.25
2849.375
2847.125
2847.875
2848.125
2849.125
2849.125
2846.625
2844.125
2841.75
2840.125
2840.375
2840.25
2840.375
2840.875
2841.25
2841.875
2845.875
2844.75
2844.375
2840.75
2838.5
2837.875
2835.125
2836.875
2838.875
2839.25
2837.5
2838.625
2839.375
2842.25
2842.375
2842.125
2839.625
2841.0
2842.375
2840.375
2838.625
2835.75
2835.875
2836.875
2836.75
2835.625
2835.125
2835.75
2834.625
2833.75
2834.875
2833.0
2833.875
2831.125
2832.625
2834.375
2834.875
2833.25
2832.25
2832.375
2832.625
2833.5
2834.375
2835.875
2838.25
2840.125
2841.25
2841.625
2842.375
2841.125
2840.625
2838.625
2838.75
2839.0
2840.125
2843.875
2845.875
2845.75
2845.625
2845.875
2846.375
2847.625
2848.875
2847.75
2848.375
2848.125
2848.25
2848.625
2848.125
2848.875
2848.625
2847.25
2845.625
2845.25
2845.875
2844.375
2844.25
2843.625
2843.625
2843.75
2844.0
2844.375
2844.625
2845.5
2848.375
2848.125
2848.375
2848.125
2847.625
2846.75
2846.625
2847.0
2847.375
2846.25
2846.875
2847.25
2847.25
2847.875
2847.625
2849.375
2847.875
2848.875
2848.625
2847.25
2846.625
2845.625
2846.75
2846.625
2845.25
2846.25
2847.375
2846.875
2846.875
2846.125
2846.625
2847.375
2847.875
2846.625
2847.125
2847.625
2846.625
2845.75
2845.0
2844.375
2845.125
2844.625
2845.125
2844.625
2845.125
2845.375
2844.125
2843.625
2842.0
2841.0
2840.5
2840.125
2840.625
2840.875
2839.625
2839.125
2839.625
2839.125
2839.875
2840.125
2840.375
2840.875
2840.75
2839.75
2840.75
2839.625
2839.875
2839.625
2839.875
2839.375
2839.125
2838.75
2838.625
2838.75
2839.375
2839.125
2838.625
2838.875
2838.75
2838.75
2838.75
2838.75
2838.75
2838.75
2838.875
2839.375
2839.25
2839.25
2839.375
2839.375
2839.375
2839.5
2839.625
2839.875
2840.0
2840.75
2841.375
2841.75
2840.0
2840.0
2840.25
2840.5
2840.5
2840.5
2840.625
2840.875
2841.25
2844.25
2843.0
2843.0
2842.625
2841.875
2842.125
2841.125
2839.25
2839.875
2839.625
2838.75
2838.125
2838.25
2837.375
2836.5
2836.5
2836.875
2836.375
2835.875
2836.25
2836.375
2836.625
2836.875
2836.75
2836.75
2837.0
2837.625
2838.0
2839.75
2840.875
2840.625
2840.75
2840.75
2840.875
2841.0
2841.25
2842.375
2842.125
2841.625
2841.75
2841.875
2842.375
2842.75
2843.125
2843.375
2843.125
2842.75
2843.375
2842.625
2842.625
2842.125
2842.125
2842.125
2842.375
2842.875
2842.125
2841.625
2841.625
2841.125
2841.375
2841.25
2841.375
2841.875
2842.875
2842.75
2842.625
2842.75
2840.625
2839.125
2839.875
2840.125
2840.25
2840.5
2841.375
2841.375
2841.125
2840.375
2840.25
2840.375
2840.375
2840.5
2841.625
2842.75
2842.625
2842.375
2842.125
2842.75
2842.875
2835.375
2836.75
2837.375
2836.125
2836.375
2836.125
2836.25
2836.125
2835.125
2835.25
2834.125
2834.25
2835.625
2836.625
2836.625
2835.75
2836.125
2835.125
2835.625
2836.375
2835.625
2835.125
2835.875
2835.25
2835.75
2835.625
2835.875
2835.25
2835.625
2835.625
2835.875
2835.25
2834.875
2834.125
2833.625
2833.75
2833.625
2834.125
2834.875
2835.375
2833.75
2834.125
2834.125
2832.75
2832.125
2831.75
2832.125
2831.625
2831.75
2831.875
2831.25
2830.875
2831.375
2830.625
2829.25
2829.625
2828.75
2828.875
2829.375
2829.875
2829.875
2828.75
2828.875
2829.0
2829.25
2829.125
2827.75
2827.125
2826.125
2825.25
2825.125
2825.375
2825.375
2825.125
2825.875
2825.625
2825.25
2824.625
2823.875
2823.25
2823.375
2823.5
2823.75
2823.875
2824.0
2824.125
2824.25
2825.875
2824.75
2825.625
2825.25
2825.625
2825.875
2825.625
2825.125
2824.125
2823.625
2824.125
2823.125
2822.0
2821.625
2822.125
2822.375
2821.375
2821.25
2821.625
2820.75
2820.875
2820.25
2820.875
2820.75
2820.875
2821.25
2822.125
2823.25
2822.375
2821.625
2820.625
2819.125
2818.25
2818.375
2818.875
2817.625
2815.375
2813.625
2812.75
2811.75
2812.125
2812.25
2812.125
2811.25
2811.375
2811.125
2811.375
2811.25
2811.375
2810.625
2808.75
2807.125
2805.625
2803.5
2803.125
2803.875
2804.0
2804.5
2805.0
2811.75
2807.625
2807.75
2806.625
2804.5
2804.625
2804.875
2804.625
2803.125
2801.625
2801.875
2801.625
2801.125
2801.375
2801.25
2800.875
2801.375
2802.0
2804.75
2801.875
2801.625
2800.25
2800.125
2798.125
2796.875
2797.125
2797.625
2796.625
2796.875
2797.375
2797.375
2796.625
2794.625
2793.625
2793.625
2792.125
2791.125
2789.875
2789.75
2789.75
2788.625
2787.0
2786.125
2786.375
2786.25
2784.25
2783.375
2782.625
2781.375
2780.375
2779.125
2778.625
2778.875
2778.25
2778.25
2778.25
2778.375
2778.375
2778.375
2778.25
2778.375
2778.125
2778.375
2778.25
2778.5
2778.875
2779.25
2779.5
2779.625
2779.75
2779.875
2780.25
2781.0
2785.875
2786.375
2785.625
2782.25
2782.625
2783.625
2784.125
2783.75
2784.875
2784.125
2783.625
2783.625
2780.375
2778.875
2777.625
2778.375
2777.625
2777.875
2777.75
2777.875
2778.0
2778.375
2777.625
2778.0
2778.375
2778.5
2778.625
2778.75
2778.875
2780.875
2790.5
2784.375
2786.875
2785.25
2785.375
2785.125
2785.375
2785.875
2786.625
2786.875
2785.125
2781.375
2784.25
2781.875
2781.75
2782.0
2782.25
2782.25
2782.125
2782.25
2782.25
2781.875
2782.125
2781.75
2781.125
2779.75
2779.375
2779.875
2779.75
2779.875
2780.0
2780.375
2780.25
2780.25
2780.375
2780.25
2780.625
2780.875
2781.875
2782.375
2782.5
2786.125
2783.125
2781.5
2781.5
2781.125
2780.625
2780.875
2780.625
2780.875
2780.75
2781.75
2782.0
2782.0
2781.375
2780.125
2779.5
2779.625
2780.375
2780.125
2779.625
2779.125
2778.375
2776.375
2775.5
2775.875
2775.75
2775.75
2775.875
2775.625
2774.75
2772.375
2772.25
2772.875
2770.125
2770.375
2770.375
2770.375
2770.5
2770.625
2771.125
2771.25
2771.25
2771.25
2771.125
2769.25
2767.375
2767.375
2767.125
2765.125
2764.625
2763.625
2764.0
2764.25
2764.625
2765.375
2765.5
2766.125
2768.625
2768.875
2768.625
2769.875
2772.375
2773.25
2772.125
2771.125
2771.375
2771.125
2771.25
2771.125
2770.625
2768.75
2766.75
2766.625
2766.75
2765.125
2764.25
2764.25
2764.25
2764.25
2764.125
2764.25
2764.25
2764.25
2764.0
2762.5
2761.125
2760.5
2760.375
2758.25
2756.5
2755.0
2755.0
2754.625
2754.75
2754.75
2754.875
2755.0
2755.125
2755.25
2755.375
2791.625
2789.375
2788.625
2788.75
2787.25
2786.125
2786.25
2786.25
2786.375
2786.5
2787.125
2787.125
2787.25
2786.875
2785.25
2785.375
2785.75
2785.875
2785.875
2786.0
2786.0
2786.375
2787.0
2787.375
2790.625
2790.875
2790.75
2791.0
2796.5
2798.375
2802.125
2804.75
2804.375
2802.5
2798.625
2798.25
2798.75
2800.875
2804.75
2804.625
2804.875
2804.75
2805.125
2804.125
2800.25
2802.125
2806.25
2808.625
2813.375
2813.75
2813.75
2813.75
2814.25
2815.875
2817.5
2817.125
2812.625
2812.125
2806.75
2806.0
2806.0
2806.0
2806.625
2807.0
2807.125
2806.125
2803.5
2803.5
2804.25
2804.875
2803.875
2802.5
2802.875
2802.375
2802.875
2802.75
2803.125
2803.375
2803.25
2802.625
2803.125
2802.625
2802.125
2802.375
2801.875
2799.0
2796.625
2795.375
2795.25
2795.25
2794.625
2794.875
2794.625
2794.125
2793.625
2794.25
2794.375
2794.5
2795.375
2795.125
2793.75
2791.75
2790.0
2787.875
2785.875
2781.875
2781.625
2781.75
2782.0
2782.5
2782.875
2783.0
2791.25
2799.0
2802.375
2806.125
2806.25
2810.75
2806.875
2806.625
2802.125
2790.25
2790.75
2791.0
2791.125
2791.25
2791.375
2791.875
2791.75
2792.5
2792.625
2792.125
2789.375
2787.625
2789.0
2789.625
2790.0
2790.125
2790.25
2790.625
2791.0
2797.75
2790.875
2790.25
2787.25
2787.25
2787.5
2787.5
2785.875
2784.125
2783.75
2784.125
2784.375
2784.25
2784.125
2783.875
2784.125
2784.5
2784.875
2785.0
2787.375
2791.375
2791.25
2793.5
2793.25
2791.875
2791.875
2791.875
2792.625
2792.125
2792.25
2792.625
2794.0
2794.125
2792.125
2792.125
2789.5
2788.0
2785.75
2785.75
2785.375
2781.25
2777.375
2776.625
2775.0
2775.0
2775.0
2775.125
2775.25
2775.375
2775.75
2775.625
2775.625
2775.125
2775.5
2776.25
2776.375
2776.25
2776.375
2776.125
2776.375
2776.5
2776.625
2777.0
2778.25
2780.5
2780.5
2783.75
2780.375
2778.25
2777.375
2777.125
2777.25
2777.25
2777.25
2777.25
2777.25
2777.25
2777.25
2777.25
2777.25
2777.25
2777.625
2777.75
2777.75
2777.75
2777.75
2777.75
2777.75
2777.875
2777.875
2777.875
2778.0
2778.125
2778.25
2778.375
2778.25
2778.25
2778.375
2778.25
2778.5
2779.25
2781.125
2782.125
2788.375
2787.75
2783.125
2781.75
2780.625
2778.125
2774.5
2774.125
2772.125
2771.125
2771.375
2771.625
2771.75
2771.75
2771.875
2771.75
2771.125
2766.5
2766.5
2764.125
2760.625
2756.75
2754.25
2754.375
2754.25
2749.75
2749.75
2749.75
2749.875
2749.875
2750.0
2750.0
2750.125
2750.25
2750.625
2750.0
2749.375
2747.25
2747.25
2748.375
2748.125
2748.25
2748.375
2749.5
2750.375
2751.0
2751.625
2755.125
2755.375
2755.125
2755.25
2755.5
2765.25
2771.0
2778.25
2778.125
2778.125
2778.25
2765.625
2765.75
2774.625
2774.75
2774.125
2767.25
2765.75
2763.625
2763.125
2763.0
2763.375
2763.75
2764.25
2764.875
2764.75
2765.25
2767.5
2768.0
2768.0
2768.375
2768.25
2768.125
2768.25
2768.25
2767.875
2763.0
2756.75
2756.5
2756.625
2756.75
2756.875
2757.0
2756.125
2755.25
2752.25
2746.25
2745.875
2745.875
2746.0
2746.125
2746.25
2746.25
2746.5
2747.0
2748.25
2757.125
2757.25
2757.125
2757.25
2756.625
2748.5
2748.5
2745.75
2744.0
2744.375
2744.5
2744.625
2745.0
2747.375
2747.25
2747.625
2750.375
2750.25
2749.875
2746.875
2741.75
2736.0
2736.0
2735.75
2732.875
2728.5
2724.75
2724.75
2724.875
2724.75
2724.875
2724.625
2724.75
2724.75
2723.125
2719.75
2719.75
2716.125
2713.0
2713.0
2713.625
2714.0
2714.0
2767.0
2765.875
2764.625
2764.75
2764.75
2764.875
2764.75
2764.75
2764.75
2764.75
2764.625
2764.75
2764.375
2764.625
2764.875
2764.625
2764.75
2764.75
2764.625
2764.875
2765.0
2765.5
2767.5
2771.125
2773.375
2771.375
2770.625
2767.0
2764.875
2764.5
2763.375
2761.0
2758.25
2755.75
2755.75
2755.75
2755.875
2756.375
2754.625
2754.625
2754.75
2754.75
2755.0
2755.0
2755.25
2755.5
2755.875
2756.5
2758.5
2763.125
2763.5
2765.625
2765.125
2765.125
2765.25
2766.875
2767.75
2769.375
2768.75
2769.125
2770.25
2770.875
2770.125
2768.625
2769.0
2768.125
2768.125
2765.625
2767.25
2765.125
2764.25
2765.375
2765.125
2764.625
2764.875
2764.625
2763.0
2761.75
2762.125
2762.375
2763.375
2762.125
2763.0
2764.25
2762.875
2763.625
2764.625
2764.875
2766.375
2765.625
2765.75
2766.75
2766.625
2766.875
2766.75
2766.625
2766.875
2767.0
2766.5
2766.625
2767.625
2767.875
2768.625
2769.5
2770.5
2769.375
2769.125
2769.375
2769.875
2769.75
2770.125
2769.75
2770.125
2770.875
2770.75
2770.875
2770.625
2770.875
2769.625
2770.125
2769.625
2769.75
2769.75
2769.75
2769.75
2769.75
2769.375
2769.25
2769.375
2769.25
2769.25
2769.25
2769.25
2769.25
2769.25
2769.25
2769.25
2769.25
2769.375
2769.375
2769.5
2770.125
2770.125
2769.125
2768.25
2768.625
2768.875
2768.75
2768.875
2769.25
2769.375
2769.5
2769.875
2770.0
2770.625
2770.125
2769.625
2769.125
2769.375
2769.25
2769.875
2770.0
2771.0
2771.625
2772.875
2772.625
2773.375
2773.875
2774.75
2774.875
2775.875
2777.125
2776.25
2776.375
2776.625
2776.75
2777.0
2777.125
2778.5
2779.125
2779.375
2780.375
2779.25
2779.125
2779.375
2779.125
2778.875
2779.375
2779.25
2779.875
2779.75
2780.125
2781.375
2780.625
2780.125
2779.125
2775.875
2774.75
2773.75
2772.75
2774.75
2772.625
2772.875
2771.625
2771.875
2772.125
2770.625
2769.25
2770.875
2770.75
2770.625
2771.125
2771.375
2771.375
2771.625
2771.125
2770.625
2769.625
2769.25
2768.25
2768.625
2768.75
2768.875
2768.75
2768.625
2768.625
2768.75
2769.375
2769.75
2768.125
2768.375
2767.125
2767.25
2767.75
2767.125
2767.25
2766.125
2765.25
2765.375
2765.125
2765.25
2766.25
2766.75
2768.625
2770.5
2770.125
2769.625
2768.625
2768.75
2768.375
2768.125
2768.375
2768.875
2768.125
2768.5
2768.875
2769.25
2771.625
2770.625
2771.125
2770.125
2769.625
2769.625
2769.625
2769.75
2769.375
2769.125
2769.125
2769.25
2769.25
2768.875
2768.125
2766.5
2766.0
2764.875
2764.75
2764.625
2764.75
2764.75
2765.125
2764.625
2764.375
2762.0
2760.625
2760.75
2760.625
2760.875
2759.375
2758.625
2756.75
2756.875
2756.75
2756.75
2756.75
2756.875
2757.0
2758.125
2758.5
2759.125
2762.375
2759.5
2759.875
2759.375
2757.0
2755.125
2752.875
2751.75
2750.875
2748.875
2748.75
2749.0
2748.625
2748.875
2747.75
2747.375
2746.625
2746.625
2744.375
2742.625
2743.375
2742.625
2740.125
2740.25
2740.375
2740.5
2740.5
2740.625
2740.75
2740.875
2741.0
2741.375
2746.875
2746.625
2746.625
2746.75
2746.875
2746.75
2748.25
2749.125
2748.75
2747.875
2744.75
2742.375
2740.625
2740.125
2738.875
2739.375
2736.125
2735.25
2735.625
2734.5
2733.0
2731.75
2731.125
2727.875
2726.125
2723.875
2724.25
2724.125
2724.25
2724.125
2721.375
2719.125
2718.125
2718.125
2717.0
2715.125
2715.75
2715.75
2715.875
2716.0
2716.375
2716.25
2716.375
2716.375
2716.625
2716.875
2717.0
2717.75
2718.625
2717.75
2718.0
2720.625
2718.0
2717.375
2712.5
2712.125
2709.75
2710.125
2709.625
2810.0
2809.125
2808.625
2808.25
2808.125
2806.25
2805.625
2805.875
2803.75
2803.625
2803.125
2801.25
2798.875
2796.125
2793.5
2792.625
2791.75
2792.125
2790.875
2790.125
2790.25
2790.25
2788.375
2785.875
2785.125
2785.25
2785.375
2785.375
2785.875
2785.25
2785.25
2785.375
2785.375
2785.5
2785.5
2785.75
2786.125
2786.25
2786.25
2786.625
2786.625
2786.75
2786.75
2786.625
2785.625
2784.625
2784.875
2783.875
2783.75
2783.625
2783.875
2784.0
2784.125
2784.75
2785.125
2787.875
2788.375
2788.25
2788.375
2788.125
2788.25
2788.375
2788.875
2788.75
2789.125
2789.25
2791.5
2793.375
2794.25
2793.875
2794.125
2797.0
2797.875
2801.75
2803.25
2803.375
2805.625
2807.5
2808.75
2809.625
2809.125
2808.625
2808.125
2807.125
2804.75
2805.375
2803.875
2798.0
2801.75
2800.375
2803.25
2801.0
2798.25
2798.125
2798.375
2798.125
2797.25
2797.125
2795.5
2794.5
2795.375
2794.125
2794.875
2795.375
2794.125
2794.625
2795.375
2796.75
2795.125
2796.125
2795.75
2796.625
2799.375
2799.125
2797.625
2797.875
2798.375
2800.25
2802.625
2802.125
2801.625
2801.625
2801.75
2802.125
2802.375
2802.25
2802.875
2802.375
2803.5
2802.375
2802.625
2802.125
2801.125
2800.125
2799.875
2799.125
2798.75
2798.125
2797.375
2796.625
2797.375
2797.875
2797.625
2797.875
2797.875
2797.875
2797.25
2796.25
2795.625
2793.75
2794.375
2794.875
2794.75
2795.125
2795.5
2796.75
2796.875
2796.375
2795.625
2795.375
2795.75
2795.625
2796.125
2795.625
2794.25
2793.625
2793.875
2792.75
2791.625
2790.625
2791.125
2790.75
2790.875
2790.125
2790.375
2790.25
2790.375
2790.625
2791.0
2792.625
2794.0
2792.375
2792.875
2792.375
2791.625
2791.875
2791.75
2790.875
2791.375
2790.125
2789.5
2788.375
2788.125
2787.75
2787.625
2786.625
2785.75
2785.125
2784.25
2784.375
2784.875
2785.625
2784.75
2783.625
2782.625
2782.875
2782.25
2782.875
2783.125
2783.25
2784.875
2786.375
2786.25
2786.375
2786.875
2787.625
2788.375
2787.625
2787.875
2787.875
2789.75
2789.875
2789.625
2789.125
2788.75
2788.875
2789.375
2788.375
2787.25
2786.625
2786.0
2786.75
2786.875
2787.25
2787.75
2787.875
2788.75
2789.125
2788.75
2788.875
2789.25
2788.25
2787.875
2788.625
2788.75
2788.625
2787.625
2786.75
2786.875
2786.625
2786.125
2785.5
2785.0
2785.375
2785.625
2785.125
2785.125
2785.375
2785.5
2786.0
2786.125
2785.125
2784.75
2785.25
2785.75
2786.375
2786.875
2786.875
2786.375
2786.125
2785.625
2785.875
2786.375
2785.125
2784.625
2784.25
2783.875
2783.375
2782.75
2783.625
2783.125
2783.875
2783.75
2784.875
2784.75
2784.625
2783.875
2784.125
2783.875
2784.375
2783.875
2783.625
2783.875
2784.375
2783.25
2783.625
2783.125
2782.25
2782.625
2783.375
2783.125
2783.375
2782.875
2783.125
2783.125
2783.875
2784.75
2784.125
2783.625
2784.25
2784.375
2784.875
2784.625
2784.75
2784.625
2784.625
2785.375
2785.125
2784.625
2784.75
2785.375
2784.875
2785.375
2786.375
2786.125
2786.375
2786.125
2786.125
2786.375
2786.875
2786.625
2786.125
2786.125
2786.125
2786.125
2786.125
2786.125
2785.625
2784.875
2783.75
2783.125
2782.0
2782.125
2782.25
2782.625
2782.625
2782.875
2782.625
2782.75
2782.375
2782.125
2781.75
2781.75
2781.75
2781.625
2781.875
2782.375
2782.25
2782.25
2782.625
2782.25
2782.125
2782.5
2782.625
2783.0
2783.625
2783.875
2783.75
2784.125
2783.75
2784.125
2784.875
2785.75
2785.0
2785.125
2785.25
2785.625
2786.25
2785.875
2786.375
2785.125
2783.625
2784.375
2784.875
2784.75
2784.625
2784.875
2784.625
2784.75
2785.375
2823.125
2823.25
2822.125
2821.0
2820.125
2820.25
2820.375
2821.0
2821.125
2822.375
2822.5
2822.75
2824.375
2825.875
2826.5
2827.125
2827.125
2827.125
2827.75
2827.625
2828.375
2830.25
2831.75
2833.125
2834.5
2836.125
2836.375
2837.25
2837.875
2838.375
2838.75
2838.625
2838.375
2838.125
2838.5
2838.875
2838.875
2838.875
2838.375
2837.75
2837.125
2836.0
2834.75
2834.625
2834.125
2834.375
2833.75
2834.125
2834.375
2834.375
2833.625
2833.125
2833.75
2833.875
2833.75
2834.125
2834.25
2834.75
2835.0
2835.375
2835.375
2836.125
2836.375
2835.625
2836.75
2835.125
2836.25
2835.125
2835.375
2834.625
2836.25
2836.875
2836.625
2837.875
2836.625
2835.625
2834.625
2834.125
2834.25
2833.125
2832.625
2833.375
2832.625
2832.875
2832.0
2832.375
2831.25
2830.875
2832.375
2832.875
2832.625
2833.875
2834.75
2833.75
2834.625
2835.875
2835.625
2836.375
2835.625
2835.875
2835.375
2834.625
2834.75
2833.625
2833.625
2833.125
2833.875
2832.625
2833.375
2833.875
2833.25
2833.875
2833.25
2832.875
2833.625
2833.375
2832.625
2831.75
2832.375
2831.125
2831.375
2830.5
2830.875
2830.375
2830.125
2830.625
2830.875
2831.25
2831.0
2831.625
2831.875
2832.25
2832.625
2832.125
2832.375
2831.75
2832.375
2831.625
2832.125
2832.375
2832.125
2831.125
2831.375
2831.125
2830.75
2830.125
2830.375
2830.25
2830.375
2829.875
2830.125
2830.375
2830.625
2830.375
2830.125
2830.375
2829.75
2829.375
2829.625
2829.875
2829.25
2829.625
2829.625
2829.875
2829.125
2829.375
2829.125
2828.625
2828.125
2827.25
2828.25
2827.625
2827.875
2827.625
2827.125
2827.625
2827.125
2827.375
2827.875
2828.75
2829.375
2829.625
2829.125
2828.875
2829.25
2828.625
2828.875
2828.625
2828.625
2828.125
2827.625
2827.125
2827.375
2827.125
2826.25
2826.0
2825.625
2825.375
2825.375
2825.5
2825.375
2825.875
2826.125
2826.875
2826.625
2826.125
2826.375
2826.25
2826.875
2825.875
2825.125
2825.625
2825.375
2824.625
2824.25
2824.125
2823.75
2823.625
2823.125
2822.625
2822.625
2822.125
2822.875
2822.875
2823.25
2823.875
2823.625
2823.875
2823.625
2823.125
2823.375
2822.625
2821.75
2822.125
2822.375
2822.875
2822.625
2822.875
2822.125
2822.625
2822.625
2822.875
2822.125
2822.375
2822.5
2823.125
2823.875
2823.625
2823.625
2822.75
2822.875
2822.75
2823.125
2822.625
2822.25
2822.875
2823.125
2823.375
2823.25
2823.875
2824.375
2824.125
2823.875
2823.625
2823.625
2823.875
2824.375
2824.125
2824.875
2825.75
2826.375
2825.875
2826.125
2826.125
2826.375
2826.75
2827.875
2827.125
2827.375
2827.625
2827.875
2827.75
2827.625
2827.625
2827.375
2827.75
2827.375
2827.875
2828.375
2827.625
2827.125
2827.375
2827.125
2827.375
2827.875
2828.125
2828.375
2828.125
2827.75
2827.875
2827.625
2828.375
2828.125
2828.75
2828.875
2828.625
2828.375
2828.875
2828.75
2828.375
2827.125
2827.375
2826.75
2826.625
2826.875
2826.125
2826.5
2827.125
2826.625
2827.375
2827.875
2827.125
2827.375
2827.375
2826.625
2826.125
2826.375
2826.125
2825.25
2824.875
2823.625
2823.25
2822.625
2821.625
2821.25
2821.875
2821.375
2821.625
2820.625
2820.25
2820.75
2821.375
2821.875
2822.125
2823.25
2824.125
2823.625
2822.875
2822.875
2823.125
2822.625
2822.875
2822.625
2823.875
2824.375
2824.75
2824.125
2824.375
2824.125
2824.375
2823.75
2823.625
2822.875
2822.125
2821.25
2821.375
2821.25
2819.375
2819.75
2819.375
2819.875
2819.125
2818.625
2818.875
2818.75
2819.375
2819.25
2819.375
2819.125
2818.125
2818.375
2819.375
2819.125
2819.25
2818.625
2818.875
2818.75
2819.125
2818.625
2818.375
2858.625
2859.25
2858.625
2858.125
2857.625
2856.625
2855.25
2854.75
2855.625
2855.125
2854.375
2853.75
2854.25
2854.375
2854.125
2854.5
2854.875
2853.625
2853.125
2853.375
2853.125
2852.625
2852.875
2853.25
2853.375
2853.125
2852.25
2852.875
2852.125
2851.75
2850.75
2849.75
2849.875
2849.375
2848.5
2849.375
2849.625
2849.125
2850.125
2849.625
2849.875
2849.375
2849.375
2849.875
2848.75
2849.875
2850.125
2849.125
2848.375
2848.125
2848.875
2849.25
2848.125
2847.125
2847.25
2847.875
2848.375
2847.75
2848.375
2847.875
2847.125
2846.25
2847.375
2848.25
2848.625
2848.625
2849.25
2848.625
2848.875
2848.125
2847.625
2847.75
2846.5
2846.0
2845.125
2844.625
2845.375
2844.625
2844.875
2844.625
2844.125
2844.375
2845.375
2846.125
2846.375
2846.125
2846.125
2845.625
2845.125
2845.75
2846.375
2846.25
2846.125
2845.875
2845.875
2845.125
2845.375
2845.25
2845.125
2845.375
2845.375
2845.125
2844.875
2844.625
2844.75
2845.375
2845.375
2845.625
2845.125
2845.625
2845.125
2844.125
2843.25
2842.875
2843.125
2843.375
2843.25
2843.125
2841.75
2842.0
2842.375
2842.5
2843.0
2844.125
2844.375
2843.625
2842.375
2842.625
2842.125
2842.375
2842.25
2842.625
2842.125
2842.375
2842.625
2842.875
2842.375
2841.75
2841.125
2841.625
2841.875
2841.75
2841.375
2841.125
2841.375
2841.25
2840.875
2840.125
2840.625
2839.75
2839.875
2840.25
2841.25
2841.375
2841.125
2840.625
2840.875
2839.625
2839.875
2839.125
2838.75
2838.875
2838.625
2838.75
2838.875
2838.625
2838.125
2837.75
2838.125
2838.125
2838.375
2838.625
2838.875
2838.625
2838.125
2838.375
2838.25
2838.125
2837.625
2837.625
2837.625
2837.875
2838.25
2838.625
2838.25
2838.375
2839.625
2839.875
2840.375
2840.875
2839.625
2839.25
2839.625
2839.75
2840.125
2839.125
2839.375
2838.875
2839.125
2839.375
2839.75
2839.875
2839.125
2837.875
2838.625
2837.875
2838.125
2838.25
2837.875
2837.625
2837.875
2837.625
2838.25
2838.375
2838.375
2839.375
2839.125
2839.375
2838.75
2838.875
2839.375
2838.125
2837.5
2837.125
2836.75
2836.875
2836.875
2836.25
2836.625
2835.125
2836.25
2836.875
2836.625
2836.75
2837.875
2837.125
2837.625
2837.375
2837.125
2837.25
2836.875
2835.625
2836.375
2837.625
2837.875
2837.625
2837.125
2836.25
2837.375
2836.875
2837.875
2837.75
2837.875
2839.125
2840.75
2841.75
2841.625
2841.125
2841.125
2841.375
2841.375
2841.125
2840.75
2841.0
2841.875
2841.125
2840.625
2841.875
2842.875
2842.125
2843.375
2843.125
2842.375
2844.375
2844.125
2844.375
2843.625
2843.875
2844.75
2844.375
2844.125
2843.625
2841.25
2842.0
2842.5
2843.5
2843.375
2842.125
2841.875
2842.375
2840.75
2840.125
2839.375
2839.875
2839.625
2838.25
2840.375
2841.125
2840.125
2839.625
2840.125
2841.625
2842.75
2843.25
2843.125
2842.375
2841.625
2841.125
2841.25
2842.125
2842.375
2840.875
2842.25
2842.75
2841.875
2840.5
2839.875
2838.75
2839.375
2838.75
2839.625
2838.875
2840.875
2842.5
2841.375
2840.625
2840.125
2838.375
2839.5
2840.375
2839.625
2838.625
2838.875
2839.125
2838.625
2837.5
2836.625
2837.375
2837.5
2837.75
2838.25
2840.25
2838.5
2838.875
2838.75
2839.375
2839.625
2839.875
2841.0
2841.375
2840.625
2838.75
2838.375
2836.625
2837.375
2835.375
2835.75
2836.375
2836.875
2835.5
2836.375
2834.5
2834.625
2833.875
2834.375
2834.875
2834.25
2833.625
2833.125
2833.375
2833.75
2834.375
2835.375
2835.375
2835.125
2834.25
2833.375
2833.625
2833.75
2835.125
2837.125
2836.625
2835.25
2835.875
2835.25
2834.375
2833.5
2834.625
2834.875
2834.25
2879.375
2879.875
2879.125
2878.125
2877.0
2876.875
2876.125
2875.125
2875.375
2875.25
2875.25
2875.375
2875.5
2877.375
2878.375
2878.375
2878.125
2878.25
2878.75
2879.375
2879.125
2878.625
2877.625
2877.875
2877.625
2877.875
2878.375
2878.125
2878.75
2879.375
2879.25
2880.375
2881.875
2881.875
2881.625
2881.75
2882.125
2882.25
2883.0
2883.375
2883.25
2882.875
2883.875
2882.875
2882.625
2882.875
2882.25
2882.375
2882.125
2881.25
2880.25
2880.625
2880.125
2879.625
2878.375
2878.625
2877.625
2877.875
2878.375
2878.125
2877.75
2877.625
2877.125
2877.375
2878.375
2879.5
2879.625
2879.375
2880.125
2879.375
2880.25
2879.125
2879.875
2877.875
2877.625
2878.375
2877.25
2878.125
2877.375
2877.375
2877.625
2876.875
2877.375
2876.875
2876.625
2876.125
2876.375
2875.125
2874.75
2875.375
2876.125
2875.875
2876.75
2875.875
2875.875
2876.375
2875.625
2875.25
2874.875
2874.625
2874.0
2873.5
2873.375
2872.875
2872.375
2872.375
2872.125
2872.625
2871.75
2872.375
2871.75
2872.625
2872.125
2872.375
2871.625
2871.625
2871.125
2870.625
2871.25
2870.625
2871.125
2871.875
2872.125
2872.75
2873.125
2872.625
2872.75
2873.125
2872.375
2872.125
2871.625
2872.125
2872.75
2873.375
2873.875
2873.5
2871.125
2872.125
2871.625
2870.75
2870.125
2870.25
2870.375
2870.125
2870.25
2868.5
2869.375
2869.875
2870.25
2869.625
2870.125
2870.375
2870.375
2869.125
2869.625
2870.125
2868.875
2867.75
2866.625
2865.625
2866.125
2866.875
2867.75
2868.125
2868.875
2868.625
2871.25
2869.875
2870.5
2871.125
2871.125
2871.375
2872.5
2873.125
2872.625
2872.75
2872.375
2872.875
2873.125
2873.875
2872.375
2871.875
2870.75
2871.875
2871.25
2871.875
2870.125
2871.75
2871.875
2872.75
2871.75
2872.625
2873.875
2873.625
2874.375
2873.875
2873.625
2873.875
2874.0
2875.5
2874.625
2875.125
2875.125
2875.25
2877.25
2877.75
2878.375
2879.375
2880.375
2880.875
2879.75
2879.125
2878.875
2878.125
2875.75
2877.625
2877.125
2877.375
2876.5
2876.875
2876.625
2876.375
2875.125
2874.375
2875.375
2876.375
2875.875
2876.875
2877.875
2877.625
2878.625
2880.25
2880.625
2880.125
2877.875
2876.75
2875.625
2876.875
2876.125
2875.0
2877.5
2879.25
2880.125
2878.875
2875.375
2873.75
2874.125
2874.625
2873.5
2872.875
2871.375
2872.375
2871.625
2870.75
2871.75
2872.25
2874.25
2875.125
2876.25
2876.375
2877.375
2877.125
2876.125
2876.125
2877.875
2878.375
2880.125
2879.625
2878.125
2875.625
2876.875
2875.125
2873.5
2873.375
2872.0
2871.25
2870.5
2870.25
2869.875
2867.875
2866.125
2864.875
2863.875
2862.625
2861.375
2858.75
2856.75
2856.25
2854.75
2851.625
2850.75
2851.375
2851.125
2851.375
2849.875
2848.125
2848.375
2847.25
2848.375
2851.375
2849.0
2850.375
2848.625
2848.75
2847.5
2847.875
2848.25
2847.375
2847.75
2846.625
2846.875
2846.625
2845.25
2845.375
2844.5
2844.625
2843.375
2842.375
2842.875
2842.75
2842.75
2841.125
2840.125
2838.25
2837.875
2837.625
2837.75
2837.875
2838.125
2837.375
2835.375
2833.125
2833.375
2833.25
2831.75
2831.875
2831.0
2831.125
2829.5
2827.625
2826.75
2827.375
2826.625
2827.125
2826.625
2827.25
2827.375
2827.125
2827.25
2827.625
2827.875
2827.75
2827.875
2827.75
2827.75
2827.875
2829.25
2830.375
2829.75
2830.0
2832.25
2832.25
2832.625
2833.625
2832.125
2830.5
2831.25
2831.375
2831.375
2831.5
2833.5
2834.75
2835.625
2834.625
2834.875
2834.625
2834.875
2834.625
2833.25
2833.25
2833.75
2834.875
2834.125
2834.375
2833.125
2832.75
2831.375
2829.375
2827.5
2828.0
2856.125
2856.375
2856.125
2856.375
2855.875
2855.875
2855.875
2855.125
2855.5
2854.625
2855.625
2855.75
2856.375
2857.375
2857.75
2858.25
2858.125
2858.375
2858.625
2858.875
2859.0
2860.625
2861.0
2863.625
2866.25
2866.5
2866.375
2866.125
2866.625
2866.625
2866.125
2866.25
2866.375
2865.125
2861.625
2865.25
2866.125
2865.625
2866.875
2865.625
2863.875
2863.125
2864.375
2865.125
2867.25
2867.125
2868.375
2867.375
2867.375
2867.125
2866.625
2867.75
2867.375
2867.375
2867.125
2866.625
2865.625
2865.625
2864.625
2865.375
2865.875
2865.125
2865.5
2865.875
2866.75
2868.125
2868.875
2868.625
2868.125
2867.125
2867.875
2868.75
2868.125
2867.25
2866.375
2865.375
2866.75
2868.625
2870.25
2871.375
2872.5
2873.375
2873.25
2874.25
2873.75
2874.875
2874.625
2876.125
2877.125
2877.75
2877.375
2877.875
2877.75
2877.25
2876.625
2876.125
2876.625
2878.0
2878.875
2877.125
2875.5
2874.625
2874.875
2873.625
2873.875
2872.25
2871.875
2871.0
2870.875
2870.375
2870.875
2871.25
2873.125
2874.5
2873.125
2872.625
2872.875
2872.625
2871.875
2871.25
2872.0
2872.375
2872.875
2873.625
2873.125
2873.25
2874.375
2874.125
2873.875
2874.875
2873.25
2873.625
2872.625
2872.125
2870.875
2869.875
2868.625
2867.125
2866.25
2866.625
2866.25
2865.125
2866.375
2867.125
2868.875
2868.75
2868.375
2868.125
2868.625
2868.875
2868.75
2868.875
2868.625
2868.875
2868.5
2869.875
2870.25
2869.875
2870.375
2870.125
2870.375
2870.125
2871.25
2871.625
2870.75
2870.625
2871.125
2871.375
2871.875
2871.875
2871.875
2872.25
2872.875
2872.375
2872.375
2872.625
2872.75
2873.25
2872.5
2872.875
2872.875
2873.125
2872.875
2872.625
2871.125
2871.625
2871.625
2871.125
2871.375
2871.875
2872.125
2871.625
2872.375
2873.375
2872.625
2873.125
2873.375
2872.75
2872.375
2871.875
2871.625
2871.125
2870.625
2870.125
2870.375
2869.75
2870.125
2870.375
2870.875
2870.375
2869.375
2870.25
2869.375
2869.375
2869.875
2868.625
2869.125
2868.125
2867.125
2866.625
2867.25
2866.25
2865.875
2865.125
2865.375
2865.625
2865.125
2865.375
2865.875
2864.75
2865.125
2865.875
2866.75
2867.375
2866.625
2866.375
2864.875
2865.625
2864.625
2864.0
2863.5
2863.875
2864.125
2863.75
2864.375
2864.125
2863.125
2862.0
2861.625
2862.125
2862.125
2861.875
2861.875
2861.625
2862.125
2861.875
2860.625
2860.875
2860.25
2860.125
2859.75
2860.375
2859.125
2857.875
2859.0
2859.125
2858.625
2859.375
2859.875
2859.25
2859.5
2860.875
2861.375
2860.125
2860.375
2860.125
2859.125
2857.75
2857.25
2857.75
2857.875
2858.625
2859.125
2859.75
2859.375
2860.125
2860.375
2859.625
2859.125
2858.625
2857.875
2856.25
2856.125
2856.25
2855.625
2854.5
2854.25
2854.625
2854.625
2854.25
2853.0
2851.875
2851.25
2850.125
2850.375
2850.125
2850.25
2849.625
2849.875
2849.875
2849.25
2848.125
2847.125
2846.0
2845.125
2844.5
2843.75
2844.375
2843.125
2843.625
2842.625
2842.125
2842.625
2842.875
2842.625
2842.375
2842.375
2842.125
2842.25
2842.5
2844.75
2844.375
2844.875
2844.625
2844.125
2842.375
2842.5
2842.75
2843.0
2843.125
2846.625
2846.875
2846.75
2846.875
2846.125
2845.625
2843.5
2842.625
2842.75
2842.125
2840.875
2840.75
2840.375
2839.25
2838.875
2838.625
2838.125
2837.75
2837.625
2837.875
2837.875
2837.375
2835.625
2834.0
2834.125
2834.25
2834.375
2834.875
2833.875
2833.625
2833.75
2833.125
2832.625
2833.0
2833.25
2833.5
2835.0
2834.375
2833.125
2832.875
2832.125
2832.375
2831.75
2832.125
2832.375
2833.875
2833.75
2834.375
2834.5
2834.875
2816.625
2816.125
2815.625
2815.0
2815.125
2815.25
2815.25
2815.5
2815.75
2816.375
2816.5
2818.625
2818.75
2818.75
2820.625
2821.375
2820.25
2820.125
2820.25
2820.375
2820.25
2820.125
2819.625
2819.375
2819.625
2819.875
2820.25
2820.5
2820.625
2820.75
2820.875
2821.0
2822.75
2823.125
2823.125
2824.125
2823.125
2823.25
2823.5
2825.0
2825.375
2825.875
2825.75
2825.125
2824.875
2824.125
2823.125
2822.0
2820.875
2821.125
2821.25
2821.25
2821.125
2820.125
2819.75
2819.875
2819.625
2819.125
2819.375
2819.25
2818.625
2817.625
2817.875
2817.75
2817.875
2818.125
2817.625
2817.75
2816.875
2816.625
2815.375
2814.625
2814.75
2814.625
2814.75
2814.75
2814.625
2814.125
2813.625
2814.0
2814.125
2813.625
2814.125
2814.375
2813.625
2813.75
2813.875
2813.875
2814.0
2815.125
2815.125
2815.125
2815.25
2815.625
2815.25
2815.125
2815.125
2815.125
2812.75
2811.75
2812.375
2811.625
2810.625
2809.5
2808.375
2807.125
2807.375
2807.125
2807.375
2807.375
2807.75
2807.125
2807.375
2807.125
2807.125
2807.375
2807.75
2807.125
2806.25
2806.25
2805.875
2805.125
2804.25
2802.25
2800.75
2800.75
2800.875
2800.75
2800.75
2800.75
2800.875
2801.0
2801.125
2801.25
2801.375
2801.5
2801.625
2802.0
2804.125
2805.375
2806.25
2807.875
2809.5
2810.125
2811.75
2811.625
2811.75
2811.75
2811.125
2810.875
2811.125
2811.375
2811.125
2811.375
2811.125
2811.25
2811.375
2811.625
2811.875
2811.25
2811.75
2811.625
2811.875
2812.25
2815.125
2816.375
2815.125
2812.875
2813.625
2814.125
2814.375
2813.625
2811.875
2812.125
2811.0
2810.125
2809.625
2809.75
2809.875
2809.875
2810.5
2811.375
2811.75
2811.375
2811.375
2810.625
2809.125
2808.125
2807.625
2807.125
2806.75
2806.125
2806.375
2806.25
2806.375
2806.125
2805.625
2804.75
2803.125
2803.375
2802.375
2802.125
2802.375
2801.625
2801.75
2801.875
2801.75
2801.875
2801.75
2802.0
2802.375
2802.75
2804.75
2805.375
2804.625
2804.625
2805.125
2805.75
2806.875
2806.125
2805.25
2805.625
2804.75
2803.625
2802.5
2800.625
2799.25
2799.375
2799.875
2799.75
2799.875
2800.25
2800.625
2800.25
2800.625
2800.75
2800.875
2800.875
2800.875
2801.0
2802.25
2803.5
2802.125
2801.625
2801.125
2800.75
2799.875
2798.75
2798.75
2798.75
2798.875
2799.0
2799.125
2799.375
2799.25
2799.25
2799.375
2799.5
2801.75
2803.0
2802.625
2802.125
2802.75
2802.625
2802.125
2802.25
2802.375
2802.875
2803.125
2803.375
2802.75
2802.875
2802.875
2802.75
2802.625
2801.125
2800.0
2798.5
2798.125
2797.5
2796.375
2795.5
2795.625
2795.625
2795.875
2795.625
2794.375
2794.125
2794.25
2793.625
2792.625
2792.875
2793.25
2793.375
2793.5
2793.75
2793.875
2794.25
2794.5
2794.625
2794.75
2794.625
2793.75
2791.625
2789.75
2787.625
2785.5
2785.5
2785.5
2785.5
2785.625
2785.75
2786.0
2786.25
2786.375
2786.25
2786.375
2785.875
2784.75
2784.75
2785.25
2785.375
2785.75
2786.25
2786.625
2786.75
2786.875
2787.0
2787.25
2787.5
2787.625
2787.875
2788.25
2788.625
2795.875
2789.25
2788.25
2788.125
2788.25
2787.375
2786.75
2786.375
2786.625
2786.875
2786.75
2786.75
2786.75
2786.375
2785.25
2784.75
2783.375
2785.125
2785.375
2785.375
2785.625
2785.75
2786.75
2785.625
2785.75
2784.75
2785.0
2785.25
2784.875
2784.375
2784.875
2784.75
2785.125
2785.125
2785.375
2785.25
2784.375
2784.375
2784.125
2784.25
2782.875
2782.125
2782.25
2781.875
2781.625
2781.875
2781.75
2781.875
2782.0
2782.125
2782.375
2782.25
2782.375
2782.75
2782.75
2782.875
2820.125
2819.75
2819.625
2818.125
2818.125
2818.25
2818.25
2818.375
2818.25
2818.375
2818.375
2818.375
2818.5
2818.625
2819.0
2821.875
2823.5
2823.375
2823.375
2823.625
2824.375
2824.875
2825.375
2824.625
2823.75
2823.625
2823.75
2823.75
2823.75
2823.875
2824.375
2824.75
2824.875
2825.125
2825.625
2824.625
2825.375
2826.375
2826.125
2825.625
2825.75
2826.125
2825.75
2824.625
2823.75
2822.875
2823.625
2823.125
2823.875
2823.25
2824.125
2823.75
2822.375
2821.25
2820.375
2819.75
2820.25
2818.875
2820.375
2820.875
2821.375
2822.375
2823.25
2822.625
2822.375
2822.75
2822.125
2822.875
2821.75
2822.625
2823.625
2824.25
2823.875
2823.375
2823.375
2823.125
2823.125
2821.0
2820.25
2819.625
2818.875
2818.125
2817.0
2817.375
2817.25
2816.875
2816.375
2817.625
2817.625
2816.375
2816.875
2817.125
2817.375
2817.375
2817.625
2818.25
2818.125
2818.375
2819.875
2820.375
2819.75
2819.875
2819.625
2818.75
2818.125
2818.375
2817.125
2816.875
2817.125
2816.75
2817.125
2817.125
2816.625
2816.625
2816.875
2816.25
2816.625
2816.625
2816.625
2816.75
2817.0
2816.875
2816.625
2816.625
2816.25
2816.625
2815.625
2814.875
2814.625
2815.0
2815.125
2815.875
2815.625
2815.125
2814.875
2814.875
2814.0
2813.875
2813.875
2813.875
2813.875
2814.0
2814.0
2814.125
2814.375
2814.75
2814.875
2815.0
2817.125
2816.125
2816.125
2815.25
2814.875
2814.625
2814.125
2813.25
2813.875
2813.125
2813.375
2813.25
2813.625
2812.875
2812.625
2812.75
2813.0
2813.25
2813.625
2814.0
2816.25
2815.75
2815.0
2815.375
2815.25
2815.375
2815.875
2815.75
2815.875
2817.375
2817.25
2817.5
2818.75
2818.875
2818.625
2818.75
2818.625
2818.75
2818.75
2818.75
2819.25
2818.625
2818.875
2817.625
2816.25
2815.875
2816.375
2816.75
2816.75
2817.125
2816.625
2816.875
2816.75
2816.875
2816.375
2816.375
2816.875
2817.0
2817.375
2819.25
2817.625
2816.625
2816.75
2815.375
2813.75
2814.125
2813.625
2813.875
2813.75
2813.625
2813.875
2813.75
2814.375
2814.25
2814.625
2813.875
2814.125
2814.375
2814.125
2814.375
2814.125
2814.25
2814.25
2813.125
2812.75
2813.375
2813.25
2813.125
2812.125
2812.375
2811.875
2811.75
2811.375
2811.75
2811.125
2810.625
2810.125
2810.375
2809.625
2809.125
2809.375
2809.5
2809.75
2810.25
2810.375
2810.125
2809.75
2809.75
2809.875
2809.75
2809.125
2807.75
2807.875
2807.125
2805.375
2805.125
2804.125
2804.375
2803.625
2804.125
2804.75
2804.625
2804.875
2805.375
2805.75
2805.75
2806.0
2805.875
2806.0
2807.375
2807.75
2807.625
2807.375
2807.875
2808.25
2808.625
2807.875
2807.875
2808.75
2808.75
2809.5
2810.875
2811.75
2811.125
2811.125
2811.125
2810.625
2809.25
2809.125
2809.25
2809.25
2809.375
2809.25
2809.25
2809.125
2809.25
2808.625
2808.75
2809.125
2809.25
2808.625
2808.125
2808.25
2807.625
2807.125
2807.375
2807.25
2807.375
2806.625
2806.125
2806.375
2806.25
2806.125
2805.875
2805.625
2805.125
2805.375
2805.25
2805.5
2805.625
2806.25
2806.375
2806.5
2807.0
2807.375
2806.625
2806.75
2805.125
2804.5
2804.625
2803.875
2803.125
2802.75
2802.625
2802.375
2802.75
2802.375
2802.375
2802.625
2802.125
2801.25
2800.375
2800.125
2799.125
2798.125
2796.875
2795.75
2795.125
2795.375
2795.75
2795.625
2795.75
2794.625
2794.75
2794.875
2795.125
2795.375
2795.25
2795.5
2795.625
2795.75
2796.0
2796.875
2797.25
2800.5
2799.875
2800.25
2800.125
2800.25
2800.125
2800.25
2799.625
2797.5
2796.375
2796.125
2796.25
2796.375
2796.25
2796.625
2796.875
2796.125
2795.625
2778.625
2778.625
2778.125
2776.875
2776.75
2776.75
2776.625
2776.75
2776.75
2776.375
2774.875
2774.75
2774.75
2774.875
2774.75
2774.375
2774.375
2774.875
2774.75
2774.75
2774.75
2775.0
2775.625
2774.875
2774.875
2773.75
2773.75
2774.5
2773.75
2772.875
2772.25
2772.625
2773.125
2773.25
2775.25
2775.5
2775.625
2775.75
2776.125
2775.625
2775.375
2775.125
2774.875
2775.125
2775.25
2775.5
2775.625
2775.875
2776.0
2776.125
2776.625
2777.0
2777.25
2777.5
2777.875
2783.625
2784.5
2784.625
2784.75
2784.625
2784.75
2784.75
2784.75
2784.75
2784.625
2784.125
2783.875
2783.625
2783.875
2783.75
2783.875
2783.75
2783.875
2784.375
2784.125
2784.25
2784.375
2784.5
2784.75
2785.5
2783.875
2783.625
2783.125
2783.375
2783.75
2784.375
2784.25
2783.875
2783.125
2783.125
2783.25
2783.25
2783.375
2783.5
2783.875
2784.125
2784.625
2787.75
2787.75
2791.5
2793.125
2794.5
2795.125
2795.875
2796.75
2796.75
2796.5
2796.125
2795.375
2793.25
2794.625
2794.75
2794.875
2795.25
2798.875
2798.75
2800.0
2801.375
2800.75
2800.875
2800.625
2799.875
2796.25
2797.125
2797.375
2797.75
2797.875
2795.625
2794.625
2794.875
2795.875
2797.625
2799.0
2799.875
2800.375
2799.625
2799.125
2798.875
2796.5
2796.625
2796.875
2796.75
2797.125
2797.625
2797.625
2797.875
2797.75
2797.75
2797.875
2797.625
2798.125
2798.375
2799.5
2799.5
2797.75
2798.125
2798.625
2799.375
2797.625
2796.625
2795.625
2795.875
2793.625
2793.125
2791.75
2791.25
2790.875
2790.875
2790.625
2790.125
2789.75
2789.75
2789.875
2789.75
2788.875
2788.25
2788.875
2789.875
2790.0
2790.875
2791.875
2792.0
2792.375
2792.875
2792.75
2792.625
2793.375
2793.625
2792.125
2789.5
2789.625
2790.0
2790.125
2790.375
2790.375
2790.5
2790.625
2790.875
2791.0
2791.125
2790.875
2790.875
2790.625
2790.75
2791.0
2791.125
2791.375
2791.25
2791.375
2791.5
2792.875
2793.5
2793.375
2793.875
2793.75
2793.75
2793.125
2792.625
2791.375
2790.875
2789.625
2789.875
2789.75
2789.875
2790.0
2790.125
2790.25
2789.375
2789.125
2789.25
2789.25
2788.625
2788.75
2788.875
2789.0
2789.25
2789.625
2790.25
2793.5
2793.5
2793.375
2792.375
2789.875
2787.875
2787.0
2786.875
2785.75
2785.75
2785.875
2785.625
2784.375
2783.75
2784.0
2783.875
2783.75
2784.0
2784.125
2784.25
2782.875
2781.625
2779.5
2777.125
2774.375
2774.25
2773.875
2773.75
2773.125
2773.25
2771.5
2771.125
2770.0
2769.875
2770.125
2770.375
2770.625
2770.125
2769.75
2769.625
2769.25
2768.625
2767.25
2769.25
2769.875
2769.75
2770.0
2769.625
2769.125
2767.625
2766.25
2766.375
2766.25
2765.125
2764.75
2763.375
2763.125
2762.25
2762.875
2762.625
2761.25
2761.125
2760.625
2759.625
2759.75
2759.75
2759.75
2759.625
2759.25
2759.125
2757.75
2758.125
2757.625
2757.75
2756.875
2756.75
2756.75
2756.875
2757.0
2757.125
2757.75
2758.25
2758.5
2758.625
2759.75
2758.375
2758.125
2758.25
2758.125
2758.25
2758.25
2758.375
2757.625
2757.25
2756.875
2757.0
2756.625
2756.25
2756.875
2756.75
2757.125
2756.75
2756.375
2756.75
2756.875
2756.875
2756.75
2756.875
2756.125
2756.25
2756.375
2756.5
2756.875
2757.875
2758.125
2757.75
2757.875
2758.125
2758.875
2758.625
2759.25
2758.625
2758.25
2758.625
2758.25
2757.375
2756.625
2756.25
2756.0
2755.5
2755.125
2754.875
2755.25
2755.375
2755.125
2754.625
2754.125
2753.125
2752.625
2752.875
2752.0
2751.125
2750.25
2750.25
2750.5
2749.875
2749.875
2750.0
2749.625
2749.625
2749.125
2748.125
2799.125
2799.375
2799.375
2799.125
2799.25
2799.25
2799.75
2799.875
2799.75
2800.375
2800.25
2800.375
2800.375
2800.5
2800.75
2801.0
2801.0
2801.0
2801.125
2801.375
2801.75
2801.75
2802.125
2802.5
2803.375
2804.0
2805.75
2806.625
2807.125
2806.625
2807.375
2806.25
2806.125
2805.625
2804.625
2805.125
2804.625
2805.375
2806.25
2805.375
2806.125
2805.125
2805.875
2806.25
2806.875
2807.75
2807.875
2807.125
2807.625
2807.25
2807.875
2808.125
2808.375
2809.25
2809.125
2809.625
2809.375
2809.125
2808.25
2808.625
2808.25
2808.625
2808.125
2808.625
2808.625
2808.125
2807.625
2808.125
2808.375
2808.125
2808.25
2807.875
2807.875
2807.625
2807.875
2808.375
2808.625
2808.25
2808.625
2807.625
2807.25
2806.875
2807.125
2806.125
2806.375
2805.75
2806.125
2805.625
2805.875
2806.125
2805.75
2805.875
2805.625
2805.125
2805.125
2805.375
2805.75
2806.375
2806.125
2805.875
2806.375
2806.125
2806.125
2806.375
2806.375
2806.125
2806.375
2805.75
2806.125
2806.375
2806.125
2805.5
2804.875
2805.125
2804.125
2803.625
2803.875
2803.875
2804.25
2804.125
2803.75
2803.875
2804.25
2803.625
2803.75
2803.375
2803.375
2803.125
2803.375
2803.625
2803.25
2803.875
2804.375
2804.125
2804.375
2803.625
2803.625
2803.125
2803.75
2802.875
2803.125
2803.125
2802.625
2802.875
2802.125
2801.75
2801.875
2802.375
2801.625
2801.875
2801.625
2801.875
2801.125
2801.375
2801.125
2800.375
2799.125
2798.625
2797.875
2798.125
2797.75
2797.125
2796.25
2796.875
2797.375
2797.75
2797.375
2797.125
2796.125
2796.375
2796.625
2796.375
2796.125
2795.75
2796.125
2796.375
2796.875
2796.625
2796.875
2796.75
2797.375
2796.625
2796.875
2796.625
2796.25
2795.625
2795.875
2795.625
2796.125
2795.625
2795.125
2795.375
2795.25
2795.125
2795.25
2794.875
2794.625
2795.25
2795.375
2795.25
2795.375
2795.25
2795.875
2795.25
2795.375
2795.625
2795.125
2795.25
2795.875
2795.25
2795.375
2794.75
2795.125
2795.25
2795.875
2796.375
2796.125
2795.625
2795.25
2795.125
2795.375
2795.75
2795.125
2794.625
2793.75
2792.875
2793.375
2793.125
2793.375
2793.125
2793.375
2793.25
2793.125
2793.375
2793.125
2793.625
2792.75
2791.875
2791.625
2791.875
2792.125
2792.375
2792.25
2792.375
2792.875
2793.25
2793.625
2794.375
2796.125
2795.25
2794.75
2794.625
2794.125
2794.25
2793.625
2793.25
2793.375
2793.875
2793.625
2793.875
2792.125
2792.375
2791.625
2790.875
2790.125
2789.25
2789.625
2789.25
2789.5
2790.375
2790.125
2789.75
2789.375
2789.125
2789.25
2788.875
2788.875
2788.625
2788.75
2789.125
2789.375
2789.125
2788.75
2789.125
2789.125
2789.25
2789.125
2788.875
2789.25
2789.375
2789.375
2789.875
2789.75
2789.875
2790.375
2790.625
2790.25
2789.75
2789.625
2789.125
2789.375
2789.125
2788.75
2788.875
2788.625
2788.75
2788.625
2788.875
2788.75
2788.875
2788.75
2788.875
2789.25
2788.875
2788.625
2788.75
2789.125
2789.375
2789.625
2788.75
2788.625
2788.875
2788.625
2788.625
2788.875
2788.625
2788.875
2788.75
2789.125
2788.625
2788.375
2788.625
2788.875
2788.75
2788.875
2788.625
2788.625
2788.875
2788.75
2789.125
2789.25
2789.625
2789.875
2790.25
2789.875
2789.875
2789.625
2790.125
2789.875
2789.625
2789.125
2789.375
2789.125
2788.625
2789.125
2789.375
2789.125
2789.375
2789.125
2789.375
2788.75
2789.125
2789.375
2788.75
2788.625
2788.375
2788.75
2788.25
2788.125
2787.875
2788.125
2787.625
2787.125
2786.75
2786.875
2786.625
2786.375
2786.25
2786.625
2786.875
2786.375
2786.625
2786.375
2786.125
2786.375
2786.125
2785.75
2785.875
2785.625
2785.875
2789.375
2789.625
2789.875
2789.625
2789.625
2789.375
2789.625
2789.875
2789.875
2789.625
2789.625
2789.875
2789.625
2789.625
2789.25
2789.125
2789.125
2788.25
2789.125
2789.125
2788.625
2788.875
2789.125
2788.625
2788.875
2788.625
2788.25
2788.625
2788.125
2788.125
2788.125
2788.375
2788.125
2788.125
2787.75
2788.125
2788.125
2787.75
2788.125
2787.625
2787.875
2787.375
2787.625
2787.25
2787.625
2787.125
2787.375
2787.125
2787.375
2787.125
2787.375
2787.125
2786.625
2786.0
2786.625
2786.375
2786.375
2786.125
2786.375
2786.125
2786.375
2785.75
2786.125
2785.625
2785.875
2785.625
2785.875
2785.625
2785.875
2785.625
2785.875
2785.625
2785.25
2785.75
2785.375
2785.125
2785.125
2785.125
2784.75
2785.125
2784.875
2785.125
2785.125
2784.75
2785.125
2784.625
2784.875
2784.625
2785.125
2784.625
2784.875
2784.25
2784.625
2784.25
2784.75
2784.375
2784.625
2784.375
2784.875
2784.875
2785.25
2784.875
2784.375
2784.625
2784.25
2784.125
2784.375
2784.125
2783.625
2783.875
2783.875
2783.625
2783.625
2783.25
2783.875
2783.25
2783.875
2783.25
2783.875
2783.625
2783.625
2783.625
2783.25
2783.625
2783.25
2783.375
2783.125
2783.25
2782.875
2783.375
2783.25
2783.375
2783.375
2783.875
2783.25
2783.625
2783.25
2783.625
2783.125
2782.75
2782.875
2782.625
2782.375
2782.625
2782.375
2782.75
2782.25
2782.375
2782.125
2782.375
2782.25
2782.875
2782.75
2782.625
2782.875
2782.625
2782.625
2782.625
2783.25
2782.625
2782.875
2782.625
2782.625
2782.875
2782.375
2781.75
2781.625
2781.875
2781.25
2781.625
2781.875
2781.75
2781.625
2781.375
2781.75
2781.375
2781.875
2781.25
2780.875
2780.625
2780.875
2780.75
2781.125
2780.875
2780.625
2780.375
2780.375
2779.875
2780.125
2779.625
2779.875
2779.25
2779.625
2779.625
2779.875
2779.25
2779.625
2779.125
2778.875
2779.375
2779.125
2778.875
2778.875
2779.125
2779.375
2779.125
2778.625
2779.125
2778.625
2778.875
2778.625
2778.25
2778.375
2778.125
2778.25
2777.75
2778.125
2777.75
2778.125
2778.125
2777.625
2777.25
2777.625
2777.375
2776.875
2777.375
2777.375
2777.125
2777.375
2776.875
2776.625
2776.875
2776.625
2776.625
2776.875
2776.75
2776.625
2776.75
2776.625
2776.125
2776.375
2776.25
2776.25
2777.125
2776.5
2776.875
2777.875
2776.625
2776.75
2776.125
2775.625
2775.875
2775.625
2775.875
2775.25
2775.375
2774.5
2773.875
2774.375
2774.625
2774.125
2774.375
2773.75
2773.125
2773.375
2773.25
2773.625
2772.625
2772.125
2771.75
2770.125
2770.875
2770.25
2770.875
2770.625
2770.125
2769.625
2769.625
2769.625
2769.875
2769.75
2769.625
2769.75
2770.125
2770.375
2770.25
2770.375
2770.25
2770.125
2769.625
2769.75
2769.75
2770.375
2770.25
2770.5
2770.625
2770.375
2769.625
2769.875
2769.625
2769.75
2769.375
2768.625
2768.625
2768.875
2768.75
2769.0
2769.875
2769.0
2769.375
2768.875
2767.75
2767.0
2766.625
2766.0
2765.375
2765.125
2765.375
2764.75
2764.625
2764.75
2765.125
2765.25
2765.375
2765.625
2766.375
2766.25
2766.875
2767.375
2768.625
2768.125
2768.75
2768.75
2768.625
2768.75
2768.375
2768.375
2767.25
2766.125
2765.625
2765.875
2765.75
2766.0
2765.625
2765.625
2765.5
2765.375
2765.125
2765.625
2765.625
2765.25
2765.875
2765.875
2766.5
2765.625
2765.875
2765.625
2765.125
2765.25
2765.25
2764.625
2764.875
2765.125
2765.125
2765.375
2765.5
2765.5
2765.625
2765.75
2766.125
2765.375
2765.375
2765.625
2765.75
2765.875
2765.625
2766.375
2764.625
2764.125
2764.375
2763.375
2762.625
2762.875
2762.75
2762.875
2763.25
2763.625
2764.0
2764.625
2764.875
2768.875
2767.75
2766.375
2764.75
2764.5
2763.375
2763.875
2763.125
2762.625
2761.375
2760.625
2760.75
2760.625
2760.875
2760.75
2760.75
2760.375
2759.625
2759.625
2759.125
2759.375
2759.25
2759.25
2759.125
2759.25
2758.625
2758.125
2758.375
2758.125
2757.625
2757.25
2756.75
2756.375
2756.75
2756.125
2756.25
2756.125
2756.25
2755.75
2755.125
2755.25
2755.25
2756.125
2756.75
2757.0
2755.5
2756.0
2756.375
2756.75
2757.875
2759.0
2758.875
2759.125
2759.25
2758.875
2758.625
2758.75
2758.875
2758.75
2757.875
2756.625
2757.0
2757.0
2757.375
2756.875
2757.125
2757.375
2757.25
2757.375
2757.875
2757.625
2757.875
2757.125
2757.625
2757.125
2756.625
2757.0
2758.125
2758.375
2758.125
2757.625
2757.875
2759.25
2759.125
2758.75
2758.375
2758.875
2757.625
2757.875
2757.625
2757.875
2757.125
2756.625
2755.875
2755.75
2756.375
2756.75
2756.375
2756.125
2756.25
2755.875
2756.375
2756.875
2756.625
2756.125
2756.375
2755.75
2756.125
2755.375
2754.75
2754.125
2754.875
2755.25
2755.625
2755.75
2756.125
2756.875
2756.625
2756.75
2756.625
2756.75
2756.75
2756.375
2755.625
2755.25
2755.625
2755.75
2755.625
2755.375
2755.875
2755.25
2755.125
2754.375
2753.5
2754.125
2754.875
2754.75
2754.625
2754.875
2754.75
2754.75
2754.875
2755.375
2755.5
2755.625
2756.0
2757.125
2758.0
2758.25
2759.875
2761.5
2760.875
2760.125
2759.625
2760.375
2761.25
2761.75
2761.375
2760.875
2760.25
2760.125
2759.625
2758.125
2758.375
2758.125
2758.25
2758.125
2757.75
2758.375
2758.25
2758.625
2758.125
2758.25
2757.625
2756.75
2757.125
2757.375
2756.625
2756.125
2756.25
2755.875
2755.0
2753.25
2752.625
2750.875
2750.75
2750.875
2751.375
2751.75
2751.375
2751.5
2751.625
2752.875
2752.25
2752.125
2751.875
2751.75
2752.0
2752.125
2752.125
2752.375
2752.125
2752.375
2751.625
2750.875
2751.375
2751.125
2750.75
2750.75
2751.125
2750.125
2749.625
2749.75
2750.125
2750.125
2749.75
2750.125
2750.375
2750.25
2750.25
2750.375
2750.375
2750.75
2750.125
2750.375
2750.125
2750.375
2750.125
2750.25
2750.25
2750.375
2750.25
2750.25
2750.625
2750.875
2750.625
2750.75
2750.875
2750.75
2750.625
2750.125
2749.625
2749.875
2749.625
2748.75
2748.125
2748.375
2748.125
2748.25
2748.125
2747.625
2747.25
2746.875
2746.25
2746.375
2746.25
2746.125
2746.375
2746.25
2746.25
2746.125
2745.375
2745.625
2744.75
2745.125
2744.75
2744.75
2744.875
2744.625
2744.75
2744.75
2744.875
2744.75
2744.75
2744.75
2745.125
2745.25
2745.25
2745.125
2744.625
2744.875
2744.75
2744.875
2744.625
2744.625
2744.625
2744.75
2744.75
2745.0
2745.125
2745.25
2745.25
2745.25
2745.375
2745.5
2746.125
2745.625
2745.125
2745.25
2745.125
2745.375
2745.25
2745.25
2745.375
2745.375
2745.375
2745.25
2745.5
2746.875
2746.75
2746.375
2746.375
2746.5
2746.875
2747.75
2747.125
2746.875
2746.375
2745.625
2744.5
2744.75
2744.375
2744.125
2744.125
2743.625
2743.25
2743.125
2743.375
2742.875
2743.125
2743.25
2743.375
2743.25
2743.25
2743.25
2743.375
2743.625
2743.625
2743.625
2743.125
2743.375
2743.125
2743.375
2743.25
2743.125
2742.625
2742.625
2742.875
2742.75
2743.0
2743.875
2743.25
2743.625
2743.875
2743.625
2743.875
2743.125
2743.25
2743.625
2743.875
2743.875
2743.25
2743.625
2743.625
2743.625
2743.875
2743.75
2743.625
2743.75
2743.875
2743.625
2742.5
2743.125
2742.625
2741.875
2741.625
2741.875
2741.625
2742.375
2743.125
2743.375
2742.625
2742.125
2741.75
2741.75
2741.375
2741.125
2740.75
2740.375
2740.875
2896.625
2896.375
2896.125
2895.625
2895.875
2895.625
2895.875
2895.625
2895.625
2895.25
2895.125
2894.75
2894.0
2894.375
2894.375
2894.25
2894.25
2894.375
2894.25
2894.375
2894.875
2894.75
2895.375
2895.625
2895.375
2895.25
2895.375
2895.125
2894.875
2894.625
2894.875
2894.875
2894.625
2894.875
2894.625
2894.875
2894.625
2894.625
2894.25
2894.625
2894.125
2893.75
2894.125
2893.875
2893.625
2893.25
2893.125
2893.25
2893.125
2893.375
2893.125
2893.375
2893.125
2893.375
2893.75
2893.375
2893.875
2893.25
2893.375
2893.125
2893.875
2892.75
2893.875
2893.375
2894.125
2893.625
2893.875
2893.75
2894.75
2893.875
2894.375
2894.125
2893.625
2894.375
2893.75
2893.625
2893.125
2893.875
2894.375
2893.625
2893.875
2894.375
2894.875
2894.125
2893.75
2894.125
2893.375
2894.125
2893.125
2892.25
2892.125
2892.375
2891.625
2891.875
2892.375
2892.75
2892.125
2890.25
2889.875
2890.625
2890.125
2890.375
2890.125
2889.625
2889.125
2888.625
2889.25
2888.625
2889.375
2888.625
2888.125
2887.75
2888.125
2887.125
2887.375
2887.625
2886.75
2887.125
2886.125
2886.625
2885.375
2885.875
2885.625
2885.125
2884.375
2883.5
2883.375
2882.75
2883.125
2882.625
2882.875
2882.125
2881.25
2882.125
2882.875
2881.625
2882.125
2881.875
2881.875
2882.375
2882.875
2884.0
2883.5
2883.875
2884.25
2883.875
2884.125
2883.625
2884.375
2884.125
2883.625
2883.375
2883.125
2883.75
2883.125
2883.875
2883.625
2882.875
2882.25
2882.375
2882.125
2882.875
2881.625
2881.25
2881.125
2880.5
2880.375
2880.125
2880.75
2880.875
2881.125
2880.375
2880.125
2880.625
2881.125
2880.625
2881.375
2881.125
2881.375
2881.125
2880.25
2881.375
2881.875
2881.625
2881.875
2882.25
2883.0
2882.625
2882.875
2883.375
2883.875
2884.375
2883.75
2883.875
2883.75
2884.0
2884.375
2884.25
2884.875
2885.25
2885.125
2884.75
2885.25
2885.375
2885.625
2885.875
2885.125
2884.625
2884.25
2884.75
2884.875
2884.625
2883.625
2883.875
2883.625
2883.75
2883.375
2883.125
2882.625
2882.875
2883.875
2883.625
2883.375
2882.875
2883.375
2884.125
2882.875
2882.625
2882.25
2882.875
2882.25
2882.375
2882.25
2882.625
2882.875
2882.875
2883.125
2882.875
2883.375
2883.875
2884.625
2884.125
2883.625
2883.875
2883.625
2884.125
2884.375
2884.125
2883.625
2882.75
2883.125
2882.625
2882.75
2882.375
2882.125
2882.875
2882.625
2883.125
2883.375
2882.75
2882.125
2882.375
2881.625
2882.125
2881.625
2880.625
2880.875
2881.375
2881.75
2882.125
2882.875
2882.625
2882.875
2883.375
2882.625
2883.125
2883.75
2882.75
2883.125
2882.125
2882.375
2882.625
2882.625
2881.375
2882.125
2882.375
2883.375
2883.375
2883.125
2883.375
2883.875
2883.25
2883.125
2882.25
2882.375
2882.125
2882.375
2882.25
2882.625
2882.875
2882.625
2883.375
2882.875
2883.125
2883.75
2883.625
2883.875
2883.125
2883.375
2883.125
2882.625
2882.625
2882.125
2882.75
2883.375
2882.25
2882.625
2882.25
2882.5
2883.375
2884.25
2884.625
2884.125
2883.875
2884.375
2883.625
2883.125
2883.75
2883.875
2883.625
2883.875
2884.875
2885.375
2884.875
2885.125
2884.875
2884.375
2884.875
2883.625
2883.875
2883.125
2882.625
2883.375
2882.75
2882.25
2882.875
2883.375
2883.125
2883.375
2883.25
2883.625
2883.625
2883.875
2884.375
2885.125
2885.375
2885.875
2887.125
2889.0
2888.375
2887.25
2886.625
2886.25
2885.625
2883.75
2883.875
2884.375
2885.75
2886.25
2886.875
2885.125
2884.625
2885.375
2886.375
2887.625
2888.75
2888.375
2888.375
2887.875
2886.875
2886.125
2886.875
2885.75
2885.75
2884.875
2884.125
2884.875
2884.75
2885.125
2883.875
2907.875
2908.125
2907.875
2905.875
2906.875
2907.125
2907.625
2906.625
2906.875
2906.125
2905.625
2905.25
2904.0
2903.625
2904.125
2904.375
2905.25
2905.875
2904.75
2905.375
2904.125
2903.625
2904.375
2903.125
2902.125
2901.5
2900.375
2899.375
2900.375
2900.25
2899.625
2898.875
2897.75
2899.375
2898.375
2897.5
2898.375
2898.25
2898.125
2896.25
2895.0
2894.125
2893.625
2892.5
2894.25
2893.375
2894.375
2893.125
2892.875
2894.125
2893.375
2894.375
2894.25
2893.625
2893.875
2893.375
2893.125
2893.875
2896.875
2894.375
2895.125
2894.125
2892.625
2891.5
2892.125
2892.875
2891.625
2891.125
2890.25
2889.875
2889.0
2889.75
2889.375
2888.375
2887.125
2886.875
2887.375
2887.875
2888.375
2887.125
2887.875
2888.375
2887.625
2886.25
2885.25
2883.75
2883.375
2884.25
2882.0
2881.375
2881.25
2880.125
2880.75
2880.75
2880.125
2880.375
2879.625
2880.125
2879.125
2878.75
2876.875
2877.125
2877.625
2877.875
2878.375
2878.625
2884.25
2883.5
2883.125
2882.625
2883.375
2883.875
2884.375
2884.25
2886.25
2888.125
2889.5
2889.375
2891.25
2892.875
2892.125
2892.5
2891.25
2890.875
2890.625
2888.625
2885.375
2882.5
2882.125
2881.25
2881.875
2882.0
2882.125
2882.5
2889.125
2889.375
2889.125
2887.0
2887.625
2887.625
2887.875
2888.25
2888.875
2888.625
2889.25
2890.375
2891.25
2892.75
2894.0
2895.125
2897.375
2899.125
2896.375
2895.125
2892.75
2894.125
2892.25
2892.75
2890.25
2888.125
2888.375
2888.125
2887.125
2887.25
2885.375
2883.875
2882.125
2882.5
2882.5
2883.125
2886.875
2885.25
2883.375
2881.0
2880.125
2876.125
2872.5
2872.625
2873.0
2884.125
2883.125
2882.625
2881.125
2879.25
2880.625
2881.375
2882.375
2884.5
2886.125
2889.0
2889.625
2889.75
2889.125
2888.625
2886.75
2882.625
2881.375
2879.5
2880.75
2878.75
2876.625
2874.5
2874.875
2874.625
2874.75
2873.0
2872.875
2873.125
2873.875
2874.375
2874.25
2872.625
2870.5
2870.75
2871.625
2872.25
2873.625
2873.375
2874.25
2875.125
2873.375
2873.875
2874.0
2874.625
2874.75
2873.375
2873.75
2872.875
2871.125
2871.875
2871.625
2872.125
2872.25
2872.25
2870.0
2868.125
2868.375
2868.125
2867.75
2868.375
2868.5
2869.0
2871.25
2871.875
2871.375
2873.375
2873.125
2869.5
2869.875
2869.625
2864.25
2860.375
2859.0
2859.125
2859.5
2859.5
2859.5
2859.5
2859.5
2854.75
2850.875
2851.625
2854.125
2855.25
2856.25
2859.25
2858.375
2855.25
2849.75
2844.375
2841.75
2842.125
2841.625
2842.375
2842.375
2842.25
2842.5
2843.125
2843.25
2843.25
2843.375
2843.25
2840.625
2838.125
2838.5
2839.125
2840.875
2848.625
2850.25
2850.25
2850.25
2849.625
2850.25
2850.625
2850.75
2854.25
2858.875
2861.75
2861.75
2861.75
2864.0
2865.625
2866.25
2866.75
2866.75
2868.5
2870.375
2874.625
2876.875
2878.875
2883.5
2889.75
2894.0
2896.875
2900.5
2900.125
2902.75
2907.75
2909.625
2911.5
2911.375
2911.375
2911.625
2917.125
2922.5
2926.375
2932.125
2935.25
2935.375
2938.0
2937.875
2937.625
2942.75
2945.375
2940.875
2946.5
2951.125
2950.125
2951.375
2955.75
2960.25
2962.75
2961.625
2960.75
2957.25
2961.125
2960.125
2960.375
2958.0
2952.375
2956.0
2950.0
2944.875
2943.625
2940.75
2943.875
2941.125
2939.875
2939.25
2936.0
2934.25
2934.25
2938.875
2934.625
2939.25
2939.125
2938.625
2935.0
2930.5
2927.875
2925.125
2921.25
2918.375
2915.625
2911.375
2914.75
2910.25
2908.25
2904.0
2901.0
2903.375
2904.125
2910.25
2906.125
2908.5
2908.875
2908.625
2911.375
2915.125
2915.375
2955.5
2958.375
2959.375
2961.75
2961.125
2958.25
2957.875
2954.375
2952.0
2950.375
2948.0
2943.125
2939.5
2939.625
2939.875
2939.125
2937.75
2933.75
2932.75
2933.875
2939.375
2943.375
2943.375
2943.125
2945.625
2943.625
2943.875
2945.375
2947.5
2948.375
2950.625
2951.375
2949.25
2943.0
2937.75
2936.625
2934.125
2931.0
2931.375
2931.625
2932.0
2931.125
2933.0
2940.75
2941.125
2940.625
2941.125
2944.375
2945.5
2944.25
2942.625
2940.75
2944.625
2947.375
2949.625
2950.75
2950.375
2949.875
2950.875
2950.75
2951.125
2950.625
2947.375
2946.625
2938.875
2934.5
2945.375
2945.125
2936.75
2945.25
2941.375
2951.375
2956.125
2960.125
2962.5
2959.625
2960.875
2959.625
2959.75
2956.75
2952.75
2959.375
2964.5
2968.75
2972.0
2972.625
2971.875
2969.0
2963.25
2956.375
2964.125
2956.875
2963.0
2961.5
2961.875
2964.375
2964.125
2961.75
2952.625
2946.25
2955.5
2949.375
2950.25
2949.375
2948.875
2947.625
2947.75
2941.875
2932.0
2924.75
2916.875
2911.875
2904.125
2898.5
2904.25
2898.875
2904.875
2892.0
2887.5
2886.5
2879.875
2879.125
2868.625
2863.75
2858.25
2858.25
2858.125
2858.25
2857.875
2852.125
2842.5
2835.5
2829.5
2827.625
2827.75
2827.875
2828.0
2831.375
2827.625
2827.75
2823.625
2824.625
2825.375
2825.875
2827.75
2827.75
2828.125
2832.25
2833.25
2836.125
2838.5
2843.125
2843.25
2842.125
2843.25
2842.625
2838.75
2828.25
2819.25
2811.75
2811.375
2807.625
2807.875
2807.625
2807.75
2808.25
2811.0
2807.625
2808.375
2808.5
2809.25
2808.125
2809.25
2807.25
2808.25
2808.25
2809.0
2810.5
2814.375
2817.25
2820.5
2819.875
2819.125
2814.625
2815.125
2815.375
2815.375
2815.625
2819.125
2818.75
2815.375
2810.625
2811.5
2812.125
2812.75
2813.375
2826.75
2835.25
2838.5
2841.125
2841.75
2844.5
2846.75
2845.375
2844.5
2829.25
2825.875
2825.75
2825.875
2826.0
2826.375
2827.125
2827.5
2828.0
2831.375
2838.0
2842.125
2844.125
2846.0
2846.375
2846.25
2848.625
2851.125
2851.25
2851.25
2851.25
2851.375
2850.125
2846.625
2846.125
2846.25
2846.125
2845.875
2844.75
2841.625
2841.75
2841.875
2841.125
2841.125
2841.625
2842.0
2842.875
2850.0
2850.375
2853.25
2855.25
2858.125
2859.625
2861.75
2864.125
2868.0
2868.125
2868.125
2867.625
2861.75
2859.125
2856.625
2857.375
2858.0
2859.375
2860.125
2867.0
2872.25
2873.25
2876.5
2878.875
2877.625
2873.75
2867.875
2868.0
2864.375
2857.875
2858.25
2858.25
2858.25
2858.5
2858.875
2859.625
2860.0
2864.25
2864.375
2864.375
2864.625
2868.875
2867.625
2868.625
2869.0
2874.25
2877.25
2877.25
2880.0
2879.125
2879.75
2879.375
2879.125
2879.125
2877.75
2876.375
2873.25
2873.5
2876.25
2879.375
2881.375
2880.625
2881.25
2881.25
2880.125
2879.875
2881.375
2881.125
2879.75
2877.125
2878.375
2879.375
2878.75
2878.625
2879.125
2880.375
2879.875
2880.75
2881.375
2881.125
2880.375
2878.625
2878.125
2876.875
2875.0
2875.375
2874.875
2875.25
2875.25
2875.5
2876.125
2878.0
2877.375
2879.25
2880.375
2879.25
2880.25
2883.125
2884.75
2882.375
2882.125
2880.25
2877.125
2877.25
2877.375
2879.875
2879.75
2879.75
2879.625
2879.0
2876.625
2876.625
2876.875
2878.125
2877.625
2876.125
2875.375
2874.75
2875.625
2876.875
2877.0
2878.875
2880.625
2881.375
2881.125
2880.75
2880.875
2881.375
2881.875
2882.375
2882.125
2880.75
2882.375
2882.125
2880.625
2880.75
2880.375
2878.875
2878.625
2878.125
2878.5
2879.125
2879.375
2877.625
2874.875
2874.75
2873.625
2871.5
2949.375
2949.625
2949.125
2949.5
2949.75
2950.0
2950.25
2951.25
2954.75
2955.75
2957.125
2957.375
2957.125
2957.25
2957.375
2957.75
2960.125
2962.0
2964.375
2966.75
2968.125
2969.125
2969.375
2969.125
2968.125
2966.25
2962.75
2964.5
2963.375
2963.125
2962.25
2963.875
2964.375
2963.625
2966.75
2965.125
2964.625
2966.625
2967.5
2967.875
2968.125
2969.5
2968.125
2967.625
2967.75
2968.375
2967.625
2969.25
2968.625
2969.375
2970.875
2972.375
2974.0
2972.125
2973.875
2973.625
2974.875
2975.375
2973.625
2972.125
2973.75
2973.625
2972.625
2971.625
2971.25
2970.875
2970.25
2970.875
2971.625
2970.125
2966.75
2970.25
2968.875
2969.875
2966.75
2966.75
2966.125
2966.875
2966.125
2966.875
2967.875
2968.5
2966.625
2965.0
2964.125
2964.875
2964.125
2963.5
2964.625
2963.375
2963.125
2964.875
2966.0
2965.375
2966.0
2964.625
2964.125
2963.75
2963.875
2963.375
2962.0
2961.25
2961.125
2961.375
2961.75
2962.125
2962.375
2961.75
2962.125
2961.625
2961.125
2962.375
2961.375
2961.125
2961.625
2960.625
2960.75
2962.375
2963.75
2963.375
2965.75
2965.875
2965.125
2965.375
2964.875
2964.125
2963.125
2962.125
2961.75
2962.625
2961.875
2961.0
2961.375
2961.125
2960.25
2960.375
2959.375
2958.75
2959.125
2959.875
2959.625
2960.375
2959.375
2960.875
2959.375
2958.25
2959.375
2959.125
2958.625
2958.75
2957.375
2957.125
2957.375
2958.625
2959.375
2960.375
2961.5
2960.875
2961.625
2961.125
2960.875
2960.625
2961.25
2961.375
2960.625
2960.875
2961.375
2960.125
2960.375
2959.625
2957.0
2959.75
2960.375
2959.75
2960.875
2961.875
2960.75
2959.625
2959.875
2960.375
2959.875
2959.625
2960.125
2959.875
2960.125
2959.625
2958.75
2958.25
2957.25
2956.625
2957.375
2956.75
2957.625
2959.25
2959.375
2958.875
2958.125
2956.875
2957.375
2957.875
2957.625
2958.375
2958.375
2957.625
2956.625
2955.875
2956.375
2955.625
2954.75
2955.75
2956.125
2955.75
2957.5
2957.125
2956.625
2956.625
2956.625
2956.125
2956.875
2956.75
2957.125
2956.625
2956.375
2956.625
2958.75
2958.375
2957.625
2957.125
2957.25
2957.375
2957.875
2957.125
2957.625
2957.875
2957.625
2958.125
2958.375
2957.875
2958.125
2957.75
2958.125
2957.625
2957.125
2956.75
2956.125
2956.875
2956.125
2956.375
2956.125
2956.625
2956.375
2955.75
2956.375
2956.25
2955.875
2955.625
2956.125
2955.375
2954.75
2955.125
2954.625
2954.875
2954.125
2954.625
2954.375
2954.125
2954.625
2954.375
2954.125
2954.125
2954.375
2954.125
2954.375
2954.25
2954.125
2953.625
2953.625
2953.875
2953.625
2953.875
2953.625
2953.875
2953.625
2953.25
2953.375
2953.125
2952.875
2953.375
2953.75
2953.125
2952.75
2952.375
2952.875
2952.875
2952.125
2952.375
2951.75
2952.125
2951.625
2952.375
2952.125
2951.75
2952.125
2951.625
2951.875
2951.625
2951.625
2951.25
2951.625
2951.375
2951.625
2951.875
2951.375
2951.625
2951.375
2951.875
2951.625
2951.25
2951.375
2950.75
2951.125
2951.375
2950.75
2951.125
2950.75
2950.375
2950.625
2950.875
2950.75
2950.875
2951.125
2950.625
2950.375
2950.125
2950.125
2949.875
2949.5
2949.625
2949.375
2950.25
2949.875
2949.625
2949.875
2949.625
2949.25
2949.875
2949.375
2949.625
2949.375
2949.625
2949.375
2948.75
2949.125
2949.375
2948.75
2949.125
2949.375
2948.625
2948.875
2948.625
2948.375
2948.125
2947.875
2947.875
2947.625
2948.25
2947.875
2948.375
2947.625
2948.25
2947.625
2947.125
2947.375
2947.125
2946.625
2946.875
2946.25
2946.625
2946.375
2946.625
2946.375
2946.375
2946.125
2946.125
2946.375
2946.75
2945.875
2946.125
2945.875
2946.125
2960.625
2961.125
2960.875
2961.125
2961.375
2960.75
2960.875
2960.625
2960.625
2960.875
2960.25
2960.125
2960.375
2959.75
2959.625
2959.375
2959.125
2958.625
2958.875
2959.375
2958.625
2958.875
2958.625
2958.25
2958.625
2957.5
2957.125
2956.625
2957.25
2956.625
2956.625
2956.125
2956.375
2956.125
2955.75
2956.375
2955.625
2955.375
2955.125
2955.125
2954.75
2954.375
2954.125
2953.875
2954.75
2954.875
2955.375
2955.75
2955.625
2955.875
2955.625
2955.125
2954.625
2954.875
2954.25
2954.625
2954.875
2955.375
2955.75
2955.25
2955.625
2955.125
2955.625
2955.125
2955.875
2955.375
2955.125
2954.75
2955.375
2954.875
2955.875
2955.75
2955.875
2955.375
2955.875
2956.25
2955.625
2956.25
2956.125
2955.875
2955.625
2955.875
2955.875
2956.375
2956.625
2956.25
2956.625
2956.125
2956.25
2956.375
2956.125
2956.125
2955.625
2955.25
2954.875
2954.625
2955.375
2954.25
2954.125
2954.625
2954.125
2954.375
2953.625
2953.875
2953.625
2954.25
2954.375
2954.125
2954.25
2953.875
2952.875
2952.625
2952.25
2952.125
2952.75
2953.125
2952.625
2952.875
2952.625
2952.125
2951.75
2951.375
2951.625
2950.5
2950.0
2949.625
2949.875
2949.125
2948.875
2948.125
2947.75
2947.25
2947.125
2947.625
2947.875
2947.625
2947.875
2947.625
2947.875
2948.375
2948.875
2948.625
2948.125
2947.625
2947.125
2947.375
2947.125
2946.625
2946.875
2946.625
2946.125
2946.375
2946.125
2946.375
2946.875
2947.375
2947.75
2947.875
2947.75
2947.875
2947.375
2947.875
2947.375
2948.375
2948.25
2948.125
2947.875
2947.625
2947.875
2948.375
2948.75
2947.75
2947.125
2946.625
2946.875
2946.25
2946.625
2946.25
2945.625
2946.375
2945.625
2945.875
2945.625
2945.875
2946.125
2945.75
2945.125
2945.375
2946.125
2946.375
2946.125
2946.25
2945.875
2946.125
2946.625
2946.875
2945.875
2945.0
2943.875
2944.375
2944.125
2943.75
2943.625
2943.375
2942.75
2943.125
2942.75
2942.375
2942.875
2943.0
2944.375
2944.875
2945.75
2944.625
2944.875
2944.625
2944.125
2943.5
2943.875
2943.125
2943.625
2944.25
2944.625
2945.75
2946.75
2947.375
2946.625
2946.875
2946.125
2945.625
2946.375
2946.875
2947.375
2946.625
2945.875
2946.375
2945.25
2945.625
2944.875
2945.625
2946.375
2946.125
2946.375
2947.25
2947.625
2947.25
2947.625
2947.125
2946.25
2944.875
2943.625
2944.125
2943.0
2942.125
2942.25
2941.875
2941.625
2941.875
2941.625
2941.125
2940.625
2940.75
2940.125
2939.625
2939.125
2938.375
2937.375
2936.125
2935.75
2936.25
2936.5
2936.375
2936.875
2936.375
2935.625
2935.875
2936.875
2936.625
2937.25
2937.875
2937.125
2936.75
2937.125
2937.375
2937.5
2938.375
2940.375
2939.0
2939.125
2941.0
2940.625
2940.75
2940.875
2942.25
2941.875
2941.875
2942.75
2943.125
2942.125
2941.625
2941.625
2941.75
2942.375
2942.625
2941.0
2940.25
2940.125
2939.25
2939.625
2940.0
2941.5
2941.875
2942.125
2941.875
2943.25
2942.375
2942.125
2942.875
2942.125
2941.375
2941.125
2940.25
2940.75
2941.125
2942.875
2942.625
2942.75
2942.125
2941.625
2941.875
2941.125
2941.25
2941.625
2942.125
2941.625
2941.25
2940.25
2939.375
2939.125
2938.625
2937.875
2937.125
2936.0
2935.25
2935.375
2936.125
2935.625
2934.625
2935.125
2934.25
2934.625
2934.875
2934.875
2934.75
2935.125
2935.5
2934.75
2934.875
2935.25
2936.375
2936.875
2937.75
2937.875
2937.625
2936.625
2936.125
2936.375
2936.125
2936.375
2935.625
2935.875
2936.125
2936.125
2935.125
2935.625
2935.125
2935.875
2934.75
2934.375
2934.375
2934.625
2933.625
2933.125
2933.375
2933.875
2933.375
2932.5
2931.875
2932.625
2932.875
2921.75
2922.125
2921.75
2921.625
2920.875
2920.125
2919.75
2919.875
2918.5
2919.875
2920.375
2921.5
2920.875
2920.625
2920.625
2919.75
2919.625
2918.5
2918.625
2919.375
2919.75
2919.875
2920.875
2920.625
2921.375
2921.75
2922.375
2921.125
2919.75
2919.5
2918.875
2919.625
2920.125
2920.375
2920.625
2920.125
2920.875
2920.75
2920.875
2920.625
2919.125
2918.625
2918.875
2919.125
2919.375
2918.25
2918.625
2918.75
2919.25
2919.875
2919.25
2919.625
2919.875
2919.125
2918.625
2919.375
2919.125
2918.25
2918.875
2919.375
2919.125
2918.625
2917.75
2916.75
2917.375
2917.125
2916.625
2917.375
2917.25
2917.875
2919.25
2918.625
2917.625
2916.75
2916.0
2915.0
2915.375
2916.375
2916.25
2916.875
2916.875
2916.875
2916.625
2916.875
2916.625
2916.875
2916.25
2915.375
2914.625
2914.125
2914.875
2914.25
2914.375
2914.625
2914.125
2912.75
2913.125
2912.875
2913.125
2913.25
2914.0
2915.375
2916.5
2915.625
2915.25
2915.875
2915.625
2915.875
2915.25
2915.875
2915.875
2917.375
2917.875
2918.75
2919.25
2918.625
2919.125
2918.125
2917.25
2915.875
2916.375
2916.25
2916.875
2917.375
2918.25
2917.125
2916.625
2916.875
2916.125
2914.875
2914.75
2914.875
2914.625
2913.625
2913.25
2912.625
2912.75
2913.375
2912.875
2913.125
2912.625
2912.625
2912.875
2913.375
2912.25
2911.125
2910.625
2911.25
2913.375
2912.625
2913.375
2913.25
2914.875
2915.25
2914.625
2915.125
2915.375
2917.5
2918.5
2917.875
2918.375
2918.375
2918.75
2921.375
2920.125
2920.375
2920.625
2919.875
2918.125
2918.625
2918.875
2918.75
2919.375
2919.875
2920.375
2920.125
2920.25
2917.875
2916.125
2917.375
2917.875
2916.625
2915.75
2916.125
2915.75
2916.375
2916.625
2915.75
2914.625
2914.625
2914.875
2913.75
2914.625
2914.25
2914.375
2913.75
2914.125
2912.625
2912.25
2912.375
2911.875
2912.125
2912.375
2912.375
2910.5
2909.875
2908.125
2908.625
2908.125
2907.125
2905.125
2904.125
2903.125
2903.25
2901.875
2900.375
2899.5
2898.875
2898.875
2899.375
2899.25
2899.125
2897.625
2897.625
2895.875
2893.375
2892.25
2892.125
2892.375
2891.625
2891.875
2891.875
2892.75
2892.875
2891.25
2891.625
2890.75
2890.25
2889.875
2889.25
2888.625
2887.75
2887.375
2887.875
2887.125
2887.625
2886.625
2886.125
2885.25
2883.625
2883.125
2883.375
2881.875
2879.0
2877.375
2879.125
2879.375
2879.125
2879.25
2879.25
2881.125
2882.375
2883.625
2881.625
2881.875
2882.25
2885.0
2885.5
2884.0
2884.125
2884.125
2882.625
2882.75
2883.0
2883.875
2884.25
2884.625
2884.75
2884.125
2884.375
2884.625
2885.375
2886.375
2885.375
2884.625
2883.25
2881.375
2879.75
2879.875
2880.0
2880.625
2881.875
2882.125
2882.375
2881.625
2882.125
2881.125
2879.625
2879.25
2878.875
2878.625
2878.875
2878.75
2878.625
2878.75
2878.875
2877.625
2876.375
2877.125
2877.25
2878.375
2880.125
2878.25
2877.625
2878.25
2878.625
2879.0
2879.125
2879.375
2879.25
2879.25
2879.875
2879.625
2879.875
2878.375
2878.125
2876.75
2875.25
2875.25
2875.375
2875.25
2874.625
2874.125
2873.625
2872.625
2871.625
2871.625
2870.125
2867.5
2866.25
2866.625
2867.125
2866.625
2866.125
2865.375
2865.25
2865.375
2865.25
2864.625
2864.75
2865.625
2865.625
2864.75
2865.125
2865.375
2865.875
2865.375
2864.75
2865.125
2864.75
2864.125
2863.125
2862.25
2860.625
2861.625
2861.875
2862.125
2862.875
2862.75
2862.75
2863.0
2863.25
2866.0
2868.375
2868.125
2868.75
2869.875
2870.875
2868.875
2864.875
2867.75
2867.875
2865.5
2866.875
2866.875
2867.625
2868.375
2867.25
2866.625
2867.125
2858.125
2858.25
2858.75
2859.25
2862.375
2864.0
2864.0
2864.75
2864.875
2864.625
2864.875
2864.625
2865.125
2865.25
2865.625
2861.875
2861.625
2861.125
2861.375
2861.25
2860.875
2859.875
2860.875
2860.625
2859.25
2859.625
2859.875
2860.625
2860.125
2860.25
2861.25
2859.875
2860.25
2860.625
2861.125
2864.75
2864.75
2864.625
2864.375
2864.125
2864.375
2865.75
2865.875
2865.125
2865.25
2865.625
2864.875
2864.875
2865.875
2867.375
2869.5
2870.25
2868.375
2865.625
2862.5
2862.875
2863.0
2863.25
2864.0
2864.875
2869.625
2865.375
2866.25
2866.625
2866.75
2865.25
2866.375
2862.25
2858.0
2854.625
2857.375
2855.75
2855.375
2854.0
2854.25
2854.625
2855.0
2855.0
2854.625
2851.625
2853.75
2854.5
2855.25
2859.25
2859.125
2858.625
2857.375
2854.5
2854.625
2855.5
2855.875
2856.375
2856.75
2860.625
2861.875
2863.75
2863.625
2863.375
2860.625
2854.625
2847.625
2844.125
2847.75
2852.75
2849.5
2849.125
2849.25
2853.125
2855.125
2857.75
2860.875
2862.375
2864.375
2866.125
2866.375
2866.5
2867.875
2868.875
2866.875
2866.625
2860.625
2856.875
2856.75
2857.375
2865.875
2868.625
2870.125
2868.875
2867.5
2864.375
2862.25
2864.375
2865.0
2865.125
2865.125
2862.875
2861.0
2862.5
2862.0
2862.125
2862.25
2860.625
2857.625
2856.0
2857.125
2859.5
2858.0
2854.875
2855.25
2855.375
2855.75
2856.5
2859.5
2857.625
2854.375
2853.0
2853.875
2853.75
2853.375
2853.625
2854.375
2854.875
2857.0
2856.25
2855.875
2856.375
2855.625
2855.875
2856.125
2855.625
2856.125
2855.625
2852.5
2849.0
2849.0
2846.25
2848.875
2849.0
2849.75
2849.875
2850.0
2851.375
2855.5
2854.875
2854.625
2852.25
2851.375
2850.125
2850.875
2851.375
2851.5
2851.25
2851.25
2851.125
2850.625
2851.0
2851.125
2851.375
2856.375
2858.875
2862.125
2862.625
2862.75
2862.125
2861.625
2861.125
2861.375
2861.25
2859.875
2859.75
2859.75
2859.75
2860.125
2860.25
2860.125
2859.625
2859.875
2859.625
2858.0
2856.5
2855.75
2854.625
2853.125
2852.625
2852.75
2852.875
2852.75
2852.75
2852.75
2853.125
2853.375
2852.625
2851.125
2851.375
2851.25
2849.875
2848.375
2848.875
2847.5
2847.875
2847.75
2848.0
2848.25
2848.875
2850.375
2850.875
2850.625
2850.75
2850.125
2850.5
2850.625
2851.625
2856.375
2856.125
2855.625
2855.625
2855.125
2855.375
2855.875
2855.125
2852.125
2853.125
2853.375
2851.25
2851.5
2852.125
2851.25
2851.125
2851.375
2851.5
2851.625
2851.875
2851.75
2851.875
2851.625
2851.875
2849.75
2850.125
2849.625
2850.0
2849.625
2849.875
2850.125
2850.5
2851.375
2852.25
2855.0
2855.25
2858.25
2860.375
2860.25
2860.25
2860.625
2863.25
2864.5
2865.0
2865.125
2865.625
2865.625
2865.75
2868.25
2868.125
2867.125
2866.25
2863.625
2862.5
2861.625
2860.875
2859.25
2857.5
2855.5
2855.375
2855.25
2855.875
2856.125
2855.125
2853.375
2853.125
2851.875
2852.25
2852.125
2852.25
2854.375
2855.75
2854.375
2854.875
2852.25
2851.125
2849.75
2849.625
2850.875
2851.875
2852.625
2852.125
2852.375
2854.125
2854.25
2853.625
2851.375
2850.0
2850.125
2851.125
2853.625
2857.75
2857.75
2857.625
2857.875
2857.625
2857.875
2857.75
2859.125
2860.375
2861.75
2860.75
2860.125
2858.625
2858.75
2858.875
2859.125
2859.625
2859.875
2859.25
2860.125
2859.125
2859.25
2859.625
2859.625
2859.875
2860.625
2861.5
2863.125
2864.25
2863.875
2864.375
2866.875
2866.625
2864.75
2865.375
2865.625
2866.25
2869.375
2871.75
2871.625
2871.75
2871.875
2874.75
2878.625
2880.75
2880.375
2880.375
2936.25
2936.375
2936.75
2940.125
2941.0
2940.375
2939.625
2935.375
2932.375
2932.375
2932.5
2932.625
2932.75
2932.875
2933.0
2933.125
2933.625
2938.5
2940.375
2943.0
2943.375
2942.375
2941.125
2940.625
2940.125
2940.125
2939.625
2937.625
2938.125
2938.375
2940.25
2937.75
2940.75
2943.5
2942.625
2944.625
2944.125
2942.375
2941.375
2942.875
2944.875
2943.0
2946.375
2947.0
2946.875
2946.25
2943.125
2945.375
2946.75
2943.75
2942.125
2942.75
2946.25
2947.25
2951.0
2952.375
2954.375
2952.125
2951.625
2954.5
2956.0
2956.75
2956.625
2958.5
2959.375
2958.375
2956.125
2960.75
2963.125
2960.625
2960.875
2961.625
2960.625
2958.125
2959.5
2960.875
2962.375
2964.0
2961.125
2963.875
2965.0
2964.625
2966.125
2965.375
2964.625
2965.875
2964.125
2959.5
2961.5
2963.875
2965.125
2963.75
2966.25
2967.625
2967.125
2965.5
2964.0
2965.875
2965.625
2965.875
2964.375
2966.25
2966.375
2966.875
2967.375
2964.375
2962.125
2964.25
2966.625
2962.375
2963.375
2963.125
2960.625
2959.0
2961.875
2965.375
2961.75
2959.125
2959.375
2961.5
2960.625
2957.125
2956.125
2958.875
2961.75
2961.5
2959.625
2961.625
2964.875
2966.625
2969.75
2968.875
2971.0
2971.0
2974.875
2977.25
2980.5
2982.5
2982.375
2982.25
2982.125
2982.375
2981.625
2981.625
2984.125
2982.125
2984.25
2982.625
2984.625
2983.375
2984.25
2982.5
2979.0
2981.625
2980.125
2983.125
2983.75
2984.125
2982.125
2982.375
2981.625
2978.375
2982.25
2980.25
2983.25
2987.375
2989.125
2990.125
2992.25
2994.75
2994.875
2996.25
2998.625
2997.125
2996.125
2996.25
2995.625
2996.375
2995.125
2996.25
2997.625
2998.125
2997.125
2995.125
2992.0
2989.5
2989.875
2988.25
2987.375
2988.875
2988.75
2987.25
2987.375
2988.125
2989.375
2989.125
2988.625
2988.875
2989.625
2990.75
2990.625
2991.125
2992.375
2993.5
2992.25
2992.625
2992.125
2992.875
2991.625
2991.625
2992.875
2991.125
2989.0
2987.75
2988.125
2986.375
2984.25
2982.125
2982.375
2982.875
2984.0
2985.75
2985.625
2985.125
2986.125
2986.875
2989.875
2990.625
2990.375
2991.375
2991.75
2992.125
2991.625
2990.875
2986.625
2983.25
2982.5
2980.75
2980.75
2979.125
2978.0
2979.125
2982.125
2982.75
2983.125
2982.625
2982.125
2982.75
2983.375
2985.0
2986.125
2983.375
2982.625
2981.0
2981.125
2981.375
2981.125
2981.25
2984.5
2985.5
2986.875
2987.25
2986.625
2986.125
2982.75
2987.75
2989.625
2987.375
2984.375
2987.0
2986.375
2984.125
2984.375
2984.875
2983.125
2981.625
2982.125
2981.625
2980.625
2979.125
2976.875
2977.25
2977.875
2981.5
2980.25
2981.375
2978.5
2979.0
2976.875
2975.5
2974.375
2971.875
2969.75
2970.625
2974.125
2974.375
2974.125
2973.375
2973.875
2976.375
2978.875
2980.5
2982.125
2983.75
2985.375
2985.875
2986.375
2986.125
2985.125
2986.375
2985.625
2983.625
2985.0
2985.375
2983.625
2982.625
2978.0
2978.625
2978.625
2979.375
2978.75
2979.375
2979.375
2980.625
2981.75
2982.125
2981.125
2981.125
2979.25
2976.625
2973.625
2972.625
2972.875
2971.0
2968.75
2966.75
2966.125
2965.625
2965.875
2965.0
2965.625
2965.125
2963.0
2960.625
2959.5
2960.375
2960.5
2960.875
2962.875
2962.125
2960.625
2961.125
2961.0
2960.625
2960.875
2961.125
2960.125
2961.75
2961.875
2962.75
2963.375
2959.625
2957.75
2955.875
2955.25
2956.875
2959.75
2959.125
2959.75
2961.125
2963.25
2964.125
2966.375
2969.5
2971.875
2971.625
2973.125
2974.125
2975.875
2974.5
2976.75
2978.25
2979.125
2979.25
2979.125
2979.0
2976.0
2976.125
2974.375
2976.375
2981.875
2981.625
2980.25
2981.875
2984.0
2984.375
2983.625
2985.125
2984.375
2984.125
2983.625
2984.25
2984.5
2984.125
2983.125
2980.125
2980.875
2980.125
2980.875
2982.125
2982.75
2982.125
2982.375
2982.75
2984.5
2985.125
2987.25
2988.875
2990.625
2991.75
2990.875
2990.875
2990.125
2988.625
2985.75
2987.875
2987.625
2986.375
2986.125
2984.375
2983.625
2981.5
2980.625
2980.125
2982.375
2983.875
2981.75
2982.125
2983.625
2986.75
2987.625
2986.125
2983.625
2982.125
2983.25
2984.375
2983.375
2986.625
2985.125
2984.625
2985.25
2985.625
2984.25
2985.875
2987.875
2986.375
2987.75
2989.625
2990.875
2989.625
2989.875
2989.625
2988.125
2988.125
2989.75
2988.375
2988.125
2987.25
2985.25
2982.875
2980.875
2979.625
2978.125
2979.75
2980.375
2980.875
2977.625
2980.375
2980.25
2979.375
2980.25
2978.625
2979.375
2979.625
2979.125
2979.375
2979.125
2979.125
2979.875
2979.625
2979.75
2978.25
2977.0
2978.375
2975.375
2973.625
2974.375
2973.25
2971.375
2973.75
2973.625
2972.75
2971.875
2972.375
2971.875
2972.375
2972.375
2972.125
2971.625
2970.75
2971.875
2971.75
2968.875
2968.875
2969.375
2969.125
2969.375
2969.25
2967.0
2968.125
2967.75
2968.125
2969.375
2968.125
2968.875
2968.625
2967.125
2965.875
2966.25
2966.375
2966.625
2965.125
2962.25
2961.125
2960.625
2959.75
2959.875
2959.625
2959.125
2958.625
2958.875
2958.625
2959.0
2957.375
2956.625
2957.375
2957.125
2956.75
2956.125
2955.125
2956.25
2958.375
2959.25
2959.125
2960.375
2960.875
2963.375
2965.25
2964.125
2963.125
2964.375
2965.25
2965.125
2965.625
2966.25
2965.625
2965.625
2964.625
2963.625
2960.375
2960.75
2961.25
2961.25
2961.125
2960.875
2960.25
2960.125
2960.375
2961.375
2963.375
2964.625
2966.125
2964.125
2961.375
2959.125
2958.375
2957.375
2957.75
2957.375
2956.625
2954.875
2951.75
2950.5
2949.25
2949.125
2949.25
2949.5
2949.625
2948.125
2948.625
2947.125
2946.625
2946.25
2947.125
2946.625
2947.375
2947.25
2947.875
2949.375
2948.125
2947.625
2949.125
2950.875
2949.375
2947.625
2947.125
2947.25
2948.125
2949.25
2951.375
2949.5
2950.5
2951.125
2952.125
2952.875
2953.25
2954.75
2953.75
2954.125
2954.875
2955.875
2955.625
2954.875
2955.125
2953.125
2954.25
2955.125
2955.375
2955.125
2957.125
2957.875
2956.25
2954.125
2952.875
2954.875
2954.125
2954.875
2955.875
2955.875
2953.25
2953.875
2952.625
2952.125
2952.875
2952.875
2950.75
2952.125
2949.25
2946.375
2946.25
2946.25
2946.125
2946.125
2946.25
2946.5
2951.25
2950.375
2949.875
2949.625
2947.875
2944.125
2942.5
2940.625
2940.75
2940.75
2939.125
2937.375
2936.75
2935.375
2935.875
2935.0
2934.25
2934.5
2935.625
2937.375
2939.25
2946.0
2948.125
2951.375
2952.125
2954.5
2954.375
2954.875
2957.875
2961.875
2962.375
2961.625
2962.375
2962.25
2962.25
2960.625
2961.875
2968.125
2973.375
2976.25
2976.875
2978.875
2979.25
2981.0
2983.75
2986.125
2989.625
2987.5
2987.375
2987.375
2986.25
2986.375
2986.75
2992.75
2994.25
2994.125
2994.25
2994.125
2994.5
2993.875
2993.625
2997.125
2998.25
2996.75
2993.75
2993.125
2990.875
2993.375
2993.25
2993.625
2996.875
2996.625
2993.75
2992.125
2990.625
2992.875
2997.375
2996.625
2992.375
2989.375
2989.25
2986.875
2988.375
2988.875
2991.625
2990.375
2984.125
2990.125
2993.875
2987.375
2988.375
2985.25
2985.625
2982.875
2982.75
2991.75
2986.625
2983.5
2986.25
2991.375
2986.125
2984.5
2984.5
2982.375
2977.75
2977.75
2977.75
2975.0
2970.75
2971.25
2975.0
2974.0
2977.375
2977.125
2974.0
2977.5
2976.25
2979.375
2985.0
2989.75
2989.375
2982.625
2977.5
2977.5
2982.875
2981.75
2983.375
2978.125
2974.0
2977.375
2974.75
2974.75
2974.625
2976.5
2980.125
2985.625
2989.25
2992.25
2992.875
2995.875
2995.125
2993.625
2992.125
2983.375
2989.625
2996.375
3001.0
3001.125
3000.625
3000.75
3005.125
3001.125
3000.75
3003.0
3009.125
3014.125
3015.625
3016.5
3019.375
3020.625
3022.0
3022.625
3022.125
3021.625
3021.625
3016.0
3016.875
3015.625
3011.0
3008.5
3006.5
3007.375
3007.5
3007.125
3007.375
3007.625
3007.75
3008.375
3008.125
3008.375
3010.75
3014.0
3014.25
3015.125
3018.125
3020.125
3021.75
3021.375
3020.625
3018.25
3015.125
3015.875
3012.125
3012.875
3014.5
3013.125
3012.625
3010.25
3008.0
3007.25
3006.875
3006.125
3004.0
3003.625
3004.125
3007.375
3007.875
3004.25
3009.625
3005.875
3008.875
3005.625
3007.0
3006.875
3005.125
3008.625
3009.75
3008.125
3007.0
3006.375
3005.75
3005.125
3004.75
3004.25
3005.375
3006.375
3006.75
3006.375
3006.875
3006.125
3005.625
3005.125
3006.875
3008.375
3010.0
3010.625
3011.375
3010.125
3009.375
3010.25
3012.0
3013.125
3012.75
3012.625
3012.125
3013.0
3012.125
3009.875
3006.375
3008.75
3009.375
3009.75
3009.875
3008.875
3008.625
3005.875
3005.625
3005.75
3005.375
3004.0
3002.75
3001.0
2999.625
2999.25
2998.125
2998.125
2998.25
2998.875
2999.875
2999.875
3000.375
3004.25
3002.875
3003.375
3003.625
3003.625
3005.875
3006.75
3007.625
3008.875
3010.25
3008.375
3007.125
3005.75
3005.75
3006.375
3008.125
3005.75
3004.875
3005.25
3006.125
3008.5
3011.375
3013.0
3014.75
3015.25
3015.125
3015.375
3014.625
3014.625
3015.125
3015.375
3015.25
3015.375
3015.125
3015.25
3014.25
3014.625
3011.875
3013.125
3011.625
3011.75
3010.875
3010.625
3009.125
3007.75
3007.125
3007.375
3007.625
3008.375
3009.25
3007.875
3007.625
3007.25
3006.875
3006.625
3006.75
3006.625
3007.25
3007.375
3006.625
3005.75
3006.75
3006.125
3006.75
3008.625
3007.25
3007.875
3007.625
3008.125
3009.5
3008.875
3008.625
3008.125
3008.375
3008.125
3008.375
3007.75
3006.75
3006.875
3006.125
3005.25
3004.875
3005.875
3006.125
3006.375
3006.125
3005.25
3004.625
3004.875
3005.875
3005.125
3005.875
3005.625
3005.875
3005.125
3005.375
3004.625
3004.75
3004.375
3004.875
3005.125
3004.125
3004.25
3003.375
3003.375
3004.125
3003.875
3004.125
3004.125
3003.625
3003.625
3003.125
3003.75
3003.875
3004.375
3003.75
3004.125
3004.75
3004.375
3005.125
3005.375
3005.125
3004.625
3004.875
3004.625
3004.625
3004.625
3004.25
3004.625
3004.625
3004.625
3004.875
3004.125
3004.375
3004.125
3003.125
3004.375
3003.875
3004.375
3005.375
3005.75
3005.375
3004.75
3003.75
3004.125
3003.125
3003.125
3002.5
3002.875
3002.625
3003.875
3004.375
3004.875
3004.625
3004.625
3003.75
3002.875
3003.25
3002.875
3003.125
3003.25
3003.875
3003.625
3003.875
3003.625
3003.75
3002.75
3003.125
3003.75
3003.625
3003.875
3004.875
3004.625
3005.5
3006.375
3005.375
3005.875
3005.375
3005.375
3004.625
3005.75
3005.375
3004.625
3003.75
3004.75
3003.625
3004.625
3003.625
3004.625
3003.875
3002.5
3003.5
3003.375
3002.875
3003.625
3004.625
3005.75
3005.125
3006.125
3005.375
3005.125
3005.375
3005.375
3005.625
3005.375
3005.625
3005.125
3005.25
3004.25
3004.625
3004.125
3003.875
3003.625
3003.125
3002.5
3001.125
3002.625
3001.125
2999.875
2999.5
3001.25
2999.75
2997.875
2999.25
2998.375
2999.25
2997.625
2997.0
2996.375
2996.125
2998.75
2998.625
2998.125
2997.625
2989.625
2989.875
2990.25
2990.75
2991.5
2994.0
2993.375
2993.625
2993.125
2993.75
2992.0
2991.625
2991.375
2991.875
2991.625
2990.75
2991.375
2992.375
2991.625
2991.125
2990.125
2990.375
2990.125
2989.625
2989.875
2989.25
2989.375
2989.25
2989.875
2990.25
2989.625
2989.25
2988.875
2988.125
2988.625
2988.875
2988.625
2987.625
2986.75
2986.875
2987.125
2987.375
2988.625
2989.875
2990.375
2989.25
2989.875
2990.375
2990.875
2991.375
2990.625
2991.125
2992.25
2991.875
2991.375
2991.125
2990.625
2990.25
2990.125
2990.375
2990.125
2990.375
2990.25
2989.875
2990.125
2990.875
2990.375
2990.125
2989.25
2988.5
2988.5
2988.875
2989.125
2989.375
2990.375
2991.25
2991.375
2990.625
2990.25
2990.625
2991.375
2992.75
2993.375
2993.875
2994.375
2994.25
2994.625
2995.375
2995.125
2995.25
2995.375
2995.875
2996.375
2995.625
2995.875
2995.75
2997.625
2998.0
2998.625
2999.75
3000.5
2999.125
2998.125
2997.75
2997.625
2997.875
2997.625
2997.875
2998.375
2998.875
2999.375
2999.875
3000.375
2999.75
3000.125
3000.375
3000.375
3000.125
3000.125
3000.375
3001.625
3002.375
3002.875
3001.625
3003.375
3002.625
3002.125
3002.125
3001.875
3001.25
3001.75
3000.375
2999.25
2999.875
3000.375
2999.75
2998.875
2998.125
2996.125
2998.125
2997.625
2997.875
2997.625
2997.375
2997.875
2998.375
2998.875
2999.375
2998.625
2998.625
2997.75
2997.875
2998.375
2998.875
2999.25
2999.5
2999.0
2998.875
2998.625
2998.875
2999.375
2998.25
2998.125
2997.375
2997.125
2994.375
2996.125
2995.875
2996.375
2996.125
2996.125
2995.75
2995.625
2995.875
2996.375
2995.625
2995.875
2995.625
2995.125
2994.25
2993.125
2992.75
2992.25
2991.5
2990.875
2991.125
2991.375
2991.875
2991.375
2991.625
2991.875
2991.625
2992.125
2992.5
2992.125
2992.625
2993.25
2993.375
2993.625
2994.375
2993.625
2993.875
2993.375
2993.875
2993.625
2993.25
2993.125
2993.625
2993.875
2994.125
2994.375
2994.625
2994.375
2994.375
2994.375
2994.375
2994.125
2993.75
2994.375
2993.625
2992.625
2992.125
2992.25
2991.625
2991.875
2992.125
2992.25
2992.875
2992.125
2992.5
2992.125
2992.625
2993.375
2993.125
2993.875
2993.625
2994.875
2994.125
2994.375
2994.875
2993.625
2994.375
2993.125
2993.375
2993.875
2994.125
2993.25
2993.875
2995.25
2995.125
2994.625
2995.25
2995.375
2996.75
2995.5
2995.375
2996.125
2995.375
2995.125
2994.75
2995.375
2994.625
2994.625
2993.125
2992.75
2993.375
2993.375
2993.125
2993.375
2993.125
2993.25
2994.125
2994.75
2994.125
2993.625
2993.125
2993.75
2992.625
2991.75
2991.875
2991.25
2991.625
2991.125
2991.375
2991.125
2990.625
2990.875
2991.25
2991.375
2991.125
2991.375
2990.625
2990.0
2989.125
2989.875
2989.875
2989.625
2987.5
2988.625
2987.375
2986.25
2986.875
2987.875
2988.375
2987.125
2987.375
2986.625
2986.875
2987.125
2987.625
2988.25
2988.625
2988.875
2988.625
2988.125
2988.375
2987.375
2987.875
2988.375
2988.125
2988.375
2988.125
2988.375
2988.75
2988.625
2989.375
2990.25
2989.25
2989.125
2989.375
2989.625
2989.75
2990.125
2990.75
2989.75
2989.125
2988.625
2988.75
2988.375
2987.375
2986.5
2987.625
2987.875
2987.125
2986.75
2987.125
2987.375
2986.625
2986.125
2985.25
2984.375
2983.75
2984.125
2984.125
2984.25
2984.375
2984.25
2984.125
2983.875
2983.625
2984.375
2983.75
2983.875
2983.625
2983.25
2983.875
2983.875
2984.5
2984.125
2984.375
2983.625
2983.75
2984.0
2985.25
2984.625
2984.125
2983.375
2984.25
2984.125
2984.125
2983.625
2983.875
2983.875
2984.25
2983.625
2983.875
2984.625
2984.25
2983.625
2983.875
2985.875
2986.625
2986.875
2986.75
2987.125
2989.125
2987.625
2987.875
2987.25
2986.625
2986.875
2986.625
2986.875
2987.375
2987.5
2987.875
2988.875
2988.25
2988.875
2989.75
2990.375
2990.125
2990.375
2990.875
2991.25
2991.375
2991.125
2991.375
2991.875
2991.875
2992.5
2993.0
2993.5
2992.875
2993.5
2993.375
2992.875
2993.125
2992.375
2992.875
2992.125
2991.75
2992.375
2991.625
2991.125
2990.75
2991.25
2990.625
2990.125
2990.75
2990.375
2990.875
2990.25
2990.375
2990.25
2990.125
2990.625
2990.375
2990.625
2990.375
2990.125
2990.625
2990.125
2989.75
2990.625
2990.125
2989.625
2990.25
2989.625
2990.25
2989.875
2990.375
2989.625
2989.875
2989.25
2989.625
2989.25
2988.5
2988.875
2988.375
2988.625
2988.125
2988.375
2987.75
2988.25
2987.875
2987.625
2987.875
2988.25
2987.375
2986.875
2987.375
2986.875
2986.625
2986.75
2987.125
2986.875
2987.125
2986.875
2986.625
2986.875
2986.875
2986.875
2986.25
2986.375
2986.625
2986.125
2986.375
2987.125
2987.375
2987.125
2987.375
2987.125
2986.625
2986.125
2985.5
2985.875
2985.125
2985.375
2985.125
2984.75
2985.125
2985.375
2984.75
2984.375
2984.125
2983.75
2984.125
2983.625
2983.625
2983.125
2982.625
2982.125
2981.625
2982.375
2982.125
2981.875
2980.75
2980.125
2979.625
2979.875
2979.125
2979.375
2979.125
2979.375
2978.625
2978.875
2978.75
2979.125
2978.625
2978.75
2978.375
2978.625
2978.875
2978.625
2978.875
2978.375
2978.125
2978.375
2978.75
2979.875
2979.625
2979.375
2978.625
2977.125
2977.375
2977.875
2977.75
2977.875
2977.375
2977.125
2977.375
2976.625
2976.25
2975.875
2976.375
2976.125
2976.375
2976.375
2976.125
2976.75
2976.375
2976.875
2976.25
2976.875
2976.875
2977.125
2977.25
2977.375
2977.25
2976.375
2975.5
2975.625
2975.875
2975.625
2975.875
2976.375
2977.75
2977.125
2977.375
2977.25
2977.125
2977.25
2977.875
2977.75
2977.375
2977.125
2976.125
2976.375
2975.625
2975.875
2976.75
2976.625
2976.875
2976.625
2977.875
2978.375
2977.625
2977.625
2977.625
2977.75
2978.125
2978.375
2978.125
2978.375
2978.125
2977.625
2977.875
2977.25
2977.625
2978.375
2978.625
2978.875
2978.625
2978.125
2977.125
2976.0
2976.125
2976.125
2975.375
2974.625
2974.0
2974.875
2975.375
2975.25
2976.375
2976.75
2976.375
2976.375
2976.625
2976.875
2976.75
2977.25
2976.625
2976.875
2977.125
2977.375
2977.875
2978.375
2978.75
2979.5
2979.125
2978.625
2978.875
2978.375
2978.875
2979.25
2979.625
2979.625
2978.375
2977.625
2978.875
2978.75
2978.625
2978.375
2978.125
2978.75
2978.625
2978.375
2978.375
2977.875
2978.125
2977.625
2976.75
2977.875
2978.875
2979.375
2978.625
2978.875
2979.375
2978.625
2978.375
2978.875
2978.125
2976.875
2977.875
2977.625
2976.875
2976.875
2976.625
2976.75
2976.375
2975.875
2976.625
2976.875
2976.75
2977.625
2977.875
2978.375
2977.625
2976.625
2976.875
2976.125
2977.375
2977.75
2976.625
2977.375
2976.625
2977.375
2977.125
2976.75
2977.625
2977.125
2976.625
2976.25
2975.875
2976.375
2975.875
2975.25
2974.875
2975.125
2974.625
2975.375
2974.625
2973.875
2974.375
2974.875
2973.625
2973.875
2974.625
2974.75
2973.75
2974.125
2973.625
2973.875
2974.625
2975.125
2974.625
2974.875
2975.375
2975.25
2975.75
2976.375
2975.75
2975.625
2975.375
2975.125
2975.375
2975.75
2975.125
2974.625
2975.875
2977.5
2975.75
2976.125
2976.625
2977.25
2976.625
2976.75
2977.375
2978.5
2979.625
2980.375
2980.75
2980.125
2979.25
2978.375
2978.125
2978.625
2978.875
2979.625
2979.625
2980.25
2979.625
2979.125
2979.375
2979.75
2979.375
2979.125
2978.25
2983.125
2982.375
2983.625
2982.125
2982.875
2982.375
2982.375
2982.5
2982.875
2982.125
2980.375
2981.375
2980.125
2979.625
2979.875
2979.625
2979.875
2979.625
2979.875
2980.375
2980.875
2980.375
2979.625
2979.875
2980.375
2981.375
2981.125
2980.875
2981.375
2981.375
2981.75
2981.125
2979.625
2980.125
2978.75
2978.625
2978.375
2978.75
2977.375
2978.375
2977.625
2977.5
2976.625
2975.75
2976.125
2976.375
2975.375
2976.25
2975.375
2974.625
2974.875
2974.125
2973.75
2974.125
2973.625
2973.875
2973.125
2973.375
2973.5
2975.875
2975.625
2976.375
2976.75
2977.375
2977.125
2978.375
2979.125
2980.375
2980.875
2980.125
2980.625
2980.375
2981.375
2981.375
2981.125
2980.625
2980.25
2980.125
2980.25
2979.875
2980.375
2980.125
2980.375
2980.5
2980.625
2981.625
2981.875
2982.875
2983.5
2984.25
2983.375
2983.375
2983.375
2982.625
2981.75
2981.625
2981.125
2981.375
2982.125
2982.75
2983.125
2983.875
2983.375
2983.625
2983.875
2984.25
2982.625
2982.25
2980.875
2981.875
2980.125
2979.0
2977.625
2976.5
2976.375
2976.875
2976.0
2974.5
2975.375
2975.125
2975.375
2975.5
2975.125
2975.375
2975.125
2974.125
2975.375
2975.875
2975.75
2975.375
2973.375
2973.25
2971.5
2971.625
2972.125
2971.75
2972.375
2971.5
2972.125
2972.375
2972.875
2972.625
2973.0
2975.5
2975.625
2975.625
2975.375
2975.875
2975.625
2974.125
2974.875
2975.875
2976.375
2975.75
2976.625
2976.75
2975.875
2975.5
2976.125
2975.375
2975.125
2975.5
2976.125
2976.375
2976.125
2975.625
2975.875
2975.75
2976.375
2976.375
2975.625
2975.75
2976.125
2976.125
2976.625
2977.25
2976.875
2976.875
2976.625
2976.125
2975.375
2975.125
2975.25
2974.375
2973.5
2974.375
2973.125
2972.75
2972.375
2973.25
2972.875
2971.625
2970.625
2969.5
2969.625
2969.625
2969.625
2969.625
2969.125
2969.875
2970.125
2970.375
2970.75
2969.875
2969.625
2969.375
2968.25
2967.625
2966.875
2967.875
2967.625
2968.375
2968.875
2968.75
2968.25
2968.625
2969.875
2969.375
2968.625
2968.25
2968.875
2968.125
2968.375
2968.25
2969.125
2968.75
2967.875
2966.75
2967.75
2967.875
2968.375
2968.625
2967.625
2968.125
2967.375
2967.625
2967.875
2967.375
2967.875
2968.125
2967.125
2967.375
2966.75
2966.125
2966.375
2966.25
2966.375
2966.0
2966.375
2966.125
2966.875
2966.625
2967.125
2967.625
2967.875
2967.875
2968.375
2968.25
2970.0
2968.875
2968.375
2968.75
2968.125
2967.125
2967.375
2966.0
2966.125
2966.375
2966.25
2965.625
2965.125
2964.125
2963.625
2963.875
2964.375
2964.25
2963.625
2963.875
2963.625
2963.875
2963.625
2963.875
2963.125
2962.625
2962.875
2962.875
2962.625
2961.75
2962.125
2961.625
2960.875
2960.25
2960.875
2960.625
2960.125
2960.75
2960.625
2960.125
2958.75
2958.875
2957.75
2957.125
2957.25
2957.625
2957.75
2957.875
2958.0
2959.125
2959.375
2959.125
2959.75
2959.25
2959.625
2959.125
2959.25
2958.875
2959.375
2958.75
2959.125
2959.125
2959.375
2959.875
2960.25
2960.125
2960.25
2959.875
2959.875
2959.625
2959.125
2959.375
2958.75
2957.875
2957.625
2957.25
2957.875
2957.25
2957.375
2957.25
2956.875
2956.625
2955.875
2954.625
2954.875
2953.75
2954.125
2953.375
2952.25
2951.25
2950.625
2950.875
2950.125
2950.625
2950.875
2950.125
2950.375
2950.875
2950.625
2949.625
2950.125
2950.25
2951.25
2950.875
2950.125
2951.25
2950.375
2950.875
2950.625
2949.875
2950.375
2950.125
2950.375
2949.875
2950.375
2950.875
2951.875
2951.625
2951.875
2952.375
2952.75
2952.625
2951.75
2952.125
2952.875
2955.0
2953.625
2954.125
2953.625
2953.875
2951.875
2952.375
2874.875
2874.125
2874.75
2874.875
2874.125
2873.25
2872.375
2871.625
2872.875
2871.75
2871.125
2871.625
2871.125
2870.625
2870.875
2870.75
2871.875
2872.25
2872.625
2871.875
2872.375
2872.375
2872.375
2872.875
2872.875
2872.875
2873.375
2873.875
2873.125
2871.5
2870.5
2870.75
2871.125
2870.0
2869.0
2868.25
2867.375
2868.375
2867.25
2866.625
2866.875
2866.75
2865.75
2866.125
2865.125
2865.375
2865.25
2865.375
2865.625
2865.75
2865.75
2866.375
2866.25
2866.125
2865.375
2865.375
2865.625
2864.75
2864.625
2863.625
2862.625
2861.625
2861.875
2861.625
2861.875
2860.75
2861.625
2861.0
2861.625
2860.625
2860.875
2860.625
2860.875
2861.125
2861.625
2861.875
2861.75
2861.75
2861.125
2861.25
2860.625
2860.125
2860.375
2860.125
2859.75
2860.375
2860.125
2859.375
2858.75
2858.25
2858.375
2858.125
2858.375
2857.875
2857.5
2858.0
2858.0
2858.125
2858.625
2857.875
2858.125
2857.25
2857.875
2858.375
2858.875
2859.75
2858.875
2859.375
2859.625
2859.875
2859.75
2859.875
2859.625
2859.25
2859.125
2859.375
2859.875
2859.75
2859.625
2859.875
2859.75
2859.875
2859.625
2859.125
2858.75
2858.625
2857.625
2857.75
2858.125
2858.125
2858.125
2857.625
2857.125
2857.125
2856.0
2856.125
2856.375
2856.625
2856.25
2856.875
2857.25
2856.875
2857.375
2857.25
2857.125
2856.625
2856.75
2856.625
2856.75
2856.125
2856.375
2856.375
2856.125
2856.125
2856.125
2856.125
2855.125
2854.625
2853.625
2853.875
2853.625
2853.125
2852.125
2851.625
2850.25
2850.375
2850.375
2850.5
2850.75
2851.125
2851.125
2851.5
2851.875
2852.375
2852.875
2853.375
2853.125
2852.625
2853.25
2852.625
2852.625
2852.625
2852.25
2852.25
2852.875
2852.625
2852.625
2852.75
2853.125
2853.625
2854.25
2853.25
2853.625
2852.75
2853.125
2853.375
2853.875
2853.25
2853.625
2853.125
2853.375
2853.25
2853.125
2852.875
2852.625
2851.75
2851.875
2851.625
2851.625
2851.625
2851.125
2851.25
2851.875
2851.875
2852.0
2852.125
2852.5
2852.5
2852.875
2854.125
2854.75
2854.625
2854.875
2854.75
2854.625
2854.125
2854.125
2853.75
2853.875
2853.75
2854.125
2852.75
2853.125
2853.125
2853.375
2853.125
2853.375
2852.625
2852.875
2853.125
2853.25
2853.875
2853.625
2853.75
2852.625
2852.875
2853.375
2853.25
2854.375
2853.25
2852.875
2853.625
2853.375
2853.625
2853.125
2853.875
2853.625
2853.75
2854.125
2853.625
2853.75
2853.375
2853.125
2853.25
2853.625
2853.875
2854.125
2853.625
2854.125
2853.875
2854.125
2853.625
2853.875
2853.75
2854.375
2854.125
2854.25
2852.875
2852.75
2853.125
2853.125
2853.375
2853.875
2853.625
2853.75
2852.75
2852.875
2852.125
2852.125
2852.375
2852.375
2852.375
2852.625
2852.875
2852.25
2852.375
2852.25
2852.625
2852.625
2851.75
2851.625
2851.875
2851.625
2851.125
2851.375
2851.125
2851.375
2851.75
2851.625
2851.125
2851.375
2851.375
2851.375
2851.75
2851.375
2851.125
2851.375
2851.25
2851.125
2851.375
2851.125
2851.125
2851.125
2850.625
2850.75
2850.875
2850.375
2850.375
2850.625
2850.625
2850.625
2850.875
2850.625
2850.25
2850.625
2850.875
2850.125
2850.375
2850.375
2850.375
2850.125
2850.375
2850.125
2850.375
2850.25
2850.625
2850.875
2850.25
2850.625
2850.125
2849.625
2849.875
2849.875
2849.625
2849.25
2849.625
2849.125
2849.25
2848.875
2849.375
2849.375
2849.625
2849.875
2849.75
2850.125
2849.75
2849.375
2849.375
2849.375
2849.25
2849.125
2849.25
2849.125
2849.375
2849.125
2849.375
2848.875
2848.625
2848.875
2848.625
2848.125
2848.375
2847.75
2848.125
2847.375
2847.875
2846.875
2846.875
2846.75
2847.125
